10 5
7 1 4 18 3 2 7 1 11 3 9 5 2 20 4 3 5 17 3 13 1 8 3 1 18 3 6 4 2 2 4 6 5 20 2 4 7 1 15 1 1 10
6 4 3 2 1 6 2 20 4 11 1 2 4 5 2 5 5 18 1 14 3 15 4 7 5 2 5 3 16 5 14 4 5 1 19 5 4 17 3 5 2 19 5 3 1 2 5 4 3 5 11 3 7 1 20 2 7
8 2 5 4 4 20 1 4 10 5 2 4 3 19 4 3 5 7 1 7 5 5 17 4 13 2 11 1 4 3 16 1 3 8 1 4 19 2 3 18 1 6 4 1 18 3 8 5 11 2 7
5 3 5 6 2 14 1 8 5 1 13 4 4 3 3 2 6 5 17 2 3 11 5 6 4 2 14 3 14 1 17 4 16 3 2 7 4 6 5 17
6 2 2 9 1 10 2 3 8 1 13 3 1 13 2 11 3 17 2 5 12 2 16 2 5 18 3 5 2 1 6 2 12
6 2 4 4 2 12 5 5 5 1 11 2 6 4 17 3 12 4 4 14 1 18 3 3 2 18 5 4 16 2 18 3 17 5 11 1 2 1 3 9 3 4 17 1 16 3 20
6 5 5 6 4 3 3 18 2 14 1 17 5 4 4 3 17 5 10 1 19 2 4 3 1 19 5 14 3 8 4 5 4 2 14 4 18 3 15 3 4 15 5 3 1 7 3 1 10 5 7 4 18
7 5 4 4 5 2 2 12 1 5 3 20 3 4 10 3 17 2 9 2 1 2 5 2 1 5 17 2 2 7 4 19 1 1 4 5 4 18 3 9 2 20 5 7 1 17
6 2 1 13 2 12 5 5 14 1 8 3 19 4 3 2 18 4 5 14 3 16 4 6 1 12 2 1 6 3 17 3 5 2 3 12 1 10 4 4 15 5 15 2 20 3 11
6 4 1 13 2 19 5 2 4 16 2 5 11 4 4 5 4 13 2 17 5 17 3 15 1 15 3 1 14 3 10 4 9 5 5 6 4 14 2 6 3 3 1 17 4 5 9 1 3 3 2 4 14