10 5
7 2 2 8 4 4 5 5 7 1 15 2 8 3 4 4 6 4 3 16 4 17 5 20 2 10 4 4 2 5 14 2 7 3 2 4 4 6 3 10 2 5 5 19 1 5 6 3 1 18 3 11 4 8
6 3 3 6 2 20 1 13 5 4 12 5 12 1 20 3 13 2 10 3 1 4 5 16 4 4 3 1 7 2 15 3 19 3 4 4 1 11 5 5 3 4 11 3 13 2 14
8 5 5 18 2 20 4 7 3 3 1 4 3 1 6 4 9 5 9 1 4 13 1 4 3 4 2 16 3 11 4 3 5 20 1 2 4 1 1 14 5 3 7 4 11 5 10 2 4 1 3
7 5 2 5 1 19 4 19 3 17 5 5 5 2 10 3 8 4 12 1 2 5 10 1 1 3 1 3 11 2 2 12 1 12 2 2 11 1 2 5 4 6 2 10 1 7 5 9 3 4
4 5 4 5 3 17 1 13 2 11 5 7 3 2 3 3 8 4 13 5 5 7 3 5 4 15 1 10 2 7 5 5 10 4 10 2 9 1 3 3 15
4 1 3 16 1 5 13 2 2 6 1 15 5 3 8 1 18 4 18 5 17 2 19
6 5 3 11 2 13 4 17 1 9 5 16 2 3 13 5 10 2 2 15 5 15 4 4 17 2 5 5 3 3 4 5 3 11 1 6 4 7 2 17 5 6 3 2 8 4 12 5 2
6 5 5 4 3 8 2 10 1 18 4 10 3 2 10 3 17 1 13 2 3 19 2 15 2 2 19 5 17 3 2 19 4 7 1 19 3 1 11 4 14 5 4
5 5 3 4 1 3 5 14 4 6 2 17 4 2 7 4 19 1 18 5 13 1 4 7 3 1 9 5 9 3 12 1 1 13
8 1 3 20 3 2 9 5 16 1 14 2 4 19 1 12 4 1 8 4 20 5 8 3 20 2 4 2 3 4 5 1 4 2 20 5 6 4 20 3 17 4 3 9 2 3 4 8 1 6 3 5 12 3 2 1 8