10 5
6 4 2 17 3 20 1 20 4 19 3 5 2 4 20 1 10 4 4 7 2 5 1 16 3 6 4 1 5 3 12 5 9 2 13 1 1 6 1 4 14
6 2 4 10 2 20 1 5 17 2 4 4 3 16 1 2 19 1 2 15 1 3 4
7 5 5 14 3 20 2 8 4 5 1 6 1 4 6 5 5 11 4 12 1 20 2 12 3 8 3 3 3 4 20 2 18 2 1 8 4 4 3 4 2 2 3 3 19 2 2 5 1 2
4 1 1 19 4 3 8 5 13 1 4 2 17 1 2 19 3 2 17 1 2 5 16
7 1 2 15 1 5 3 4 1 10 4 9 3 15 5 20 5 5 15 3 3 4 20 1 5 2 20 4 5 16 4 4 3 10 1 3 3 3 13 1 13 2 10 2 4 17 1 3
4 5 2 16 5 17 1 15 4 6 3 3 1 3 16 1 1 11 4 3 18 5 16 4 8 1 2
4 5 3 9 2 11 5 17 4 9 1 4 1 4 4 3 1 16 3 5 4 16 3 4 7 2 2 5 19
5 3 1 16 3 19 2 16 3 4 16 3 4 1 3 5 5 10 4 17 2 7 3 19 1 3 2 1 19 3 2 4 2 3 1 9 5 2 4 9
4 4 2 3 5 11 4 19 3 15 3 4 10 3 6 5 3 2 2 4 1 12 5 2 10 1 12 4 16 3 10 5 11
6 2 5 8 1 20 3 4 5 3 6 5 9 4 2 18 4 4 3 10 5 12 4 4 10 3 15 2 2 5 14 1 5 4 2 5 2 2 13