10 5
6 2 1 19 5 12 5 3 16 2 2 1 17 4 14 5 19 3 2 7 3 20 1 15 5 4 10 5 7 3 4 2 19 1 4 2 3 19 4 18 1 2 15
6 5 4 3 5 10 2 5 3 20 1 4 3 3 14 1 19 4 20 3 4 3 5 3 2 16 2 5 19 3 2 3 2 14 5 18 4 5 4 5 15 4 12 3 7 1 13
8 3 1 13 2 7 4 20 1 3 3 4 5 9 2 10 3 6 1 16 2 3 14 4 12 2 3 2 4 16 2 1 19 5 11 4 2 2 1 6 5 8 4 11 5 2 15 1 19 5 7 4 15 3 12
5 3 2 14 3 4 5 16 1 1 9 1 4 6 2 1 6 5 7 5 3 14 4 9 1 19 2 5 5 13
8 1 2 15 4 4 14 1 5 3 20 2 2 2 5 11 3 12 3 5 5 4 6 3 20 3 2 3 5 20 4 6 4 3 4 5 2 2 20 4 17 2 2 12 4 17 5 2 9 1 14 5 7 4 11 3 15
4 1 3 4 2 5 2 3 9 3 1 7 3 20 4 13 3 5 3 2 13 1 16
5 3 5 17 3 8 4 8 5 3 13 1 3 4 6 2 5 5 3 4 2 5 4 10 3 4 5 9 2 3 11 4 2 1 5 10
5 2 3 19 1 8 4 1 12 3 5 5 13 4 12 2 5 5 2 13 2 1 16 2 20 2 1 15 3 2
8 4 4 8 1 14 3 9 5 6 2 3 2 4 12 2 3 17 2 3 1 3 4 3 4 14 1 14 3 2 1 2 4 2 4 7 5 4 2 1 2 4 14
8 5 5 3 3 10 1 12 4 19 2 16 2 5 17 4 8 2 2 4 3 13 4 3 17 4 11 5 13 1 6 4 2 2 5 19 1 12 3 4 2 5 19 3 5 3 2 16 1 19 4 9 3 5 10 2 11 4 18