10 5
4 2 3 11 4 8 3 5 9 2 2 1 2 4 3 11 2 2 4 6 5 12 2 2 8 3 13
8 2 1 9 2 2 1 5 14 3 1 18 4 19 5 4 4 2 4 4 2 1 20 3 15 4 5 13 1 4 3 14 4 20 4 4 16 2 15 5 16 1 16 3 2 12 5 10 4 3 2 1 5 3 20
8 2 5 16 1 16 3 2 13 4 18 1 11 3 2 7 3 3 1 11 2 3 17 5 6 5 4 11 3 15 1 2 5 7 2 7 3 3 19 1 8 4 18 4 2 19 3 3 5 5 1 4 1 2 9
7 1 3 3 1 5 18 4 2 2 1 20 3 19 5 10 5 4 9 2 6 1 10 5 11 3 16 2 5 9 3 12 3 1 13 4 11 5 3 3 3 3 5 12 4 19
8 4 4 8 1 9 5 12 3 11 2 2 15 3 12 1 4 19 2 5 15 3 20 4 5 3 3 7 1 8 4 15 5 3 12 4 18 2 7 1 19 5 14 5 5 20 4 13 1 6 2 10 3 18 4 4 4 1 14 5 16 3 17
5 3 1 5 3 11 2 13 4 3 13 1 13 2 14 5 16 4 4 18 3 9 5 17 1 6 4 2 17 4 16 5 15 1 10 2 4 4 3 4
5 4 5 15 3 12 1 19 4 14 2 1 5 2 16 2 5 6 4 11 4 1 9 3 5 5 5 4 6 5 1 13 2 11 5 9 3 12 4 2
4 4 4 10 1 12 5 15 2 14 1 2 12 2 5 20 1 19 4 1 15 5 8 4 17 3 17
8 2 1 13 2 3 5 4 6 1 12 2 6 3 15 5 20 5 2 7 1 5 4 14 5 17 3 4 1 4 12 4 2 11 1 6 4 18 3 9 4 3 13 4 13 5 10 1 10 4 2 14 1 20 3 9 4 14 2 5 12 2 5
4 4 2 13 1 9 4 2 3 15 5 3 19 2 10 4 11 5 3 1 5 4 3 14 1 8 5 10 2 4 1 4 7