10 5
5 1 4 16 1 4 12 1 4 2 3 5 13 1 19 3 20 4 4 17 5 18 1 3 2 9
8 1 5 14 5 1 14 2 5 3 19 4 17 5 11 4 2 14 5 17 1 2 4 6 1 2 3 1 4 19 2 4 12 2 8 2 1 20 4 15 5 2 8 1 17 3 20 4 15 5 8
5 5 3 5 2 17 4 16 5 3 1 7 5 5 12 1 20 4 11 2 11 3 10 1 5 2 1 1 3 5 3 13 5 20 2 6 1 20 4 16
5 5 5 9 1 17 3 10 4 7 2 8 1 4 15 1 1 6 5 4 15 5 12 1 14 3 7 2 14 4 3 3 2 10 4 10 1 8
4 3 5 5 2 6 4 16 1 5 3 2 3 8 1 16 4 1 9 4 16 5 16 3 11
4 3 1 5 5 17 4 16 2 5 10 1 2 2 1 12 4 5 3 3 17 1 2 4 7
5 4 2 13 5 13 4 7 1 12 3 4 18 5 5 2 2 4 2 16 1 17 3 18 4 9 4 5 20 1 12 3 2 4 13 3 3 2 5 12 1 7
7 4 1 15 5 9 3 5 4 16 5 3 11 4 15 1 8 5 7 2 5 1 1 15 3 5 10 1 3 3 10 3 1 4 4 14 3 5 4 3 16 1 10 5 14 4 11 2 2 12 3 19
6 5 1 5 5 20 2 8 3 14 4 17 3 4 15 5 12 1 8 1 3 19 1 1 11 2 4 9 3 14 1 2 20
8 1 2 19 4 5 2 2 17 4 3 1 18 2 3 10 5 7 4 3 4 2 9 5 16 4 5 4 1 6 2 19 3 8 5 19 4 4 6 5 17 2 18 3 13 4 2 16 3 8 4 11 1 18 4 4 10 1 17 5 13 2 14