10 5
7 2 1 3 2 15 4 4 8 3 12 1 6 2 10 3 5 5 2 19 4 9 4 2 5 1 4 4 8 3 5 4 2 6 3 15 1 16 4 6 5 1 5 4 19 2 13 3 16 5 2 4 2 2 1 17 3 18 5 8
6 3 1 17 5 19 2 8 5 1 18 3 11 4 14 2 18 5 12 2 5 17 3 18 4 3 7 1 12 2 8 4 12 1 3 2 2 1 9 2 4
6 2 2 6 3 18 5 1 7 5 16 3 9 2 18 4 18 2 4 15 5 10 4 4 15 5 19 3 6 2 10 5 3 19 4 3 5 5 1 5 2 7 5 1 5 3 16 5 8 2 11 4 15
7 5 4 13 1 20 5 19 2 12 3 19 2 4 7 5 13 5 4 11 2 12 3 17 1 5 5 18 2 1 5 5 13 5 1 3 3 8 5 7 2 11 4 3 1 2 2 1 5 13
4 2 1 17 2 10 5 5 14 3 15 1 5 2 19 4 5 2 2 14 1 20 5 5 2 3 5 2 10 1 7 4 20
8 3 5 4 1 7 4 14 5 2 8 3 19 1 16 5 19 4 6 2 3 6 1 18 4 1 19 5 16 3 13 2 18 5 3 9 5 20 1 11 4 19 2 14 5 2 7 1 13 3 20 5 14 4 7 5 3 2 5 18 4 3 2 8 1 11 3 1 14 5 4 2 18
4 2 1 10 2 4 3 5 18 4 4 3 10 3 1 15 4 7 3 6 1 2 19
8 5 4 16 1 20 3 3 2 10 5 4 4 2 15 4 5 3 17 1 10 5 4 4 1 7 2 9 5 17 3 20 1 3 7 1 3 19 2 5 7 3 9 1 5 3 2 2 18 4 3
7 4 3 5 4 4 1 8 2 5 4 4 19 1 6 3 20 5 17 1 1 7 3 2 3 4 12 3 15 3 4 11 3 16 5 2 3 5 5 4 8 2 4 3 1 6 3 16 4 9
5 1 2 14 3 4 16 1 17 2 10 1 2 5 1 5 2 5 4 3 5 19 3 5 1 15 2 17