10 5
6 2 2 10 4 9 1 5 13 1 4 11 2 5 16 3 10 1 2 10 5 4 3 3 12 2 7 1 10 5 9
8 3 2 9 5 12 4 16 2 2 5 3 19 5 5 16 3 20 4 16 1 9 2 4 1 2 2 2 1 18 2 15 5 1 4 4 5 5 7 2 5 3 13 3 4 5 3 10 5 3 3 1 14 3 16 2 16
6 3 3 4 4 18 2 16 3 3 5 1 12 2 3 5 5 3 4 13 1 9 2 2 3 8 3 1 11 2 3 4 16 4 3 4 4 7 2 12 5 15 5 1 18 2 8 3 5 5 18 4 6
6 5 3 4 1 13 4 18 2 9 5 2 3 1 12 2 13 5 8 1 3 3 2 2 8 4 7 5 1 11 2 15 3 10 4 17 5 3 3 3 16 4 3 2 11
5 4 3 16 1 8 5 8 2 19 4 1 13 2 15 3 3 5 10 4 4 7 2 20 1 18 5 8 4 1 14 3 15 2 12 4 6 1 4 19
5 3 1 5 3 16 2 3 3 2 20 4 18 3 19 1 5 20 3 5 5 2 12 1 10 3 4 6 3 18 2 11
6 5 4 11 1 14 2 20 3 10 5 10 2 1 7 5 11 5 3 19 4 12 1 20 5 11 2 18 3 4 13 3 15 5 13 5 5 3 4 4 2 4 3 19 1 19 2 5 9 1 17
7 1 5 20 1 5 6 4 3 18 2 5 4 15 5 13 1 5 14 4 4 8 1 9 2 4 5 7 4 4 10 3 9 5 18 2 16 3 3 11 2 4 4 14
6 5 1 18 5 17 3 20 4 11 2 9 3 3 5 1 6 2 13 1 1 17 4 5 11 1 11 4 5 3 17 5 4 15 5 12 1 9 3 3 2 2 1 3 20
4 4 3 5 5 8 4 12 2 10 4 3 2 4 12 1 18 5 2 5 5 5 2 11 1 15 4 16 3 8 2 5 2 2 4