10 5
8 5 5 17 1 13 3 13 4 8 2 10 2 3 5 5 14 2 3 20 1 19 1 5 3 5 5 19 4 19 3 5 1 10 2 14 4 1 14 4 10 5 9 3 18 1 5 3 4 3 10 2 2 5 7 4 14
4 1 1 2 3 5 6 3 8 2 14 3 1 3 2 15 3 6 5 5 5 2 2 4 8 1 19 3 8
4 4 4 8 3 5 2 11 5 14 3 4 6 1 14 5 20 2 1 8 3 4 5 3 13 2 12 4 16 1 8 5 6
4 1 5 2 3 2 4 1 20 3 18 2 4 16 5 14 5 4 18 5 2 1 8 3 17 2 14
8 5 1 13 4 3 5 17 3 18 2 8 2 2 16 1 10 3 1 17 5 9 3 16 1 1 19 5 4 9 2 8 5 20 1 18 3 2 4 2 13 5 2 4 2 3 15 1 3 3 4 4 10 5 20 2 12 1 19
8 5 3 2 1 11 5 20 4 18 2 4 4 5 11 2 9 3 18 1 14 2 5 18 2 10 2 5 9 3 14 5 2 14 3 20 5 11 4 7 1 17 4 1 10 2 6 3 19 4 13 5 4 15 3 3 1 13 5 5 2 2 2 4 8 1 4
4 5 3 10 1 16 2 13 4 19 5 4 3 5 18 3 9 2 20 5 4 20 1 8 3 18 5 18 2 16 4 5 7 4 4 1 13 3 10
5 4 1 9 3 6 4 2 5 9 2 5 9 2 5 1 1 2 3 1 3 2 8 3 7 4 4 6 3 16 5 20 2 14
7 5 3 6 2 2 5 16 1 5 4 8 2 3 17 1 9 5 3 19 5 18 2 4 4 4 1 3 1 2 11 3 3 10 1 5 5 19 1 5 4 2 2 8 3 3
7 2 5 7 4 5 4 5 14 3 16 2 20 4 2 3 3 8 1 20 5 13 1 4 12 3 2 15 4 6 1 15 4 3 10 4 8 5 12 1 15 4 3 15 4 4 1 11 2 18