10 5
7 4 4 5 3 3 2 9 1 20 1 1 3 3 2 15 5 8 1 9 4 1 4 5 3 2 17 4 13 5 2 4 5 5 1 3 3 4 4 9 1 4 13 4 2 16 3 6 5 9 4 9
7 1 4 19 5 5 11 4 15 2 6 1 7 3 20 3 5 15 1 10 3 6 2 5 10 2 5 1 5 17 5 5 12 3 8 1 8 2 13 4 16 5 1 14 3 16 2 15 5 14 4 14
8 2 1 13 2 8 1 5 13 3 2 17 1 10 5 15 2 1 16 5 16 2 5 16 1 15 1 3 12 4 2 10 3 8 4 19 1 3 5 4 16 5 20 3 11 1 18 2 14
7 1 2 2 5 1 6 4 12 5 12 3 10 2 16 2 1 16 2 12 5 4 10 2 13 1 19 5 18 3 7 1 3 13 4 2 16 4 2 5 5 3 11 3 1 20 5 19 4 12
7 3 2 18 4 17 1 10 2 1 9 2 18 4 2 13 3 12 4 12 1 5 1 5 5 4 5 20 3 7 2 17 1 13 5 3 11 5 4 4 4 1 15 2 20 4 2 14 4 5 5 13 1 18
8 3 2 13 4 10 3 3 2 1 9 4 18 4 2 13 3 20 1 12 4 6 1 5 10 3 3 5 4 19 1 14 5 2 13 3 12 1 18 4 3 5 14 1 2 13 1 4 2
5 3 1 2 4 16 5 15 5 3 10 4 3 1 7 2 14 5 12 3 3 4 1 6 5 7 4 5 11 4 7 3 17 1 7 1 4 20
4 3 4 8 3 5 1 8 1 3 9 4 1 4 5 4 3 14 4 9 3 3 2 4 15 2 9
4 5 4 10 2 20 3 14 5 14 1 20 2 2 18 1 3 4 2 19 3 7 4 15 1 9 4 1 13 5 9 2 15 3 11
5 3 3 16 5 7 1 20 2 2 9 1 16 3 5 10 2 7 3 20 4 1 8 5 20 2 19 3 14 4 3 14 1 7 5 3 4 8