10 5
4 4 3 4 1 11 4 17 2 15 4 5 14 4 18 2 15 3 2 1 5 6 1 5 11
8 4 3 10 1 13 5 14 4 10 3 1 11 3 18 2 7 3 1 7 3 10 2 15 5 1 16 4 8 5 12 3 2 2 10 5 1 19 4 8 2 15 3 15 5 3 4 5 14 1 14 2 2 3 19 2 5 10 3 9 3 2 17 5 13 1 7
7 5 4 16 1 9 2 8 3 18 5 12 5 4 19 2 3 5 8 3 14 1 13 2 2 19 5 18 1 5 19 3 5 12 1 10 4 11 1 4 20 3 2 9 4 14 3 16
7 5 1 4 3 10 2 5 4 2 5 17 4 1 16 3 9 4 9 5 13 5 1 6 5 6 2 7 4 6 3 5 5 2 7 5 20 4 6 1 14 3 2 1 5 13 2 4 17 2 14 5 1 18 3 14 4 16 2 3 5 2
5 4 3 15 1 15 5 18 2 16 3 3 5 2 5 1 12 2 2 13 1 20 4 4 12 2 10 5 12 1 4 3 2 2 3 5 1 7
6 3 5 4 3 20 4 16 5 4 13 5 17 1 7 3 4 2 4 5 4 14 3 20 2 18 1 3 5 16 2 2 8 4 6 1 3 2 5 5 10 2 19 3 5 4 5 1 7
7 5 5 18 1 9 2 8 4 3 3 17 2 4 4 1 5 4 2 8 4 15 3 14 1 9 1 4 7 3 1 10 4 8 3 15 5 5 6 3 3 4 17 1 4 2 12 5 2 17 1 11 5 10 4 16 3 14
7 1 3 10 3 2 4 4 17 1 2 5 2 19 4 15 5 8 1 12 3 8 4 4 20 3 14 2 7 1 13 4 5 8 4 15 3 16 2 12 1 4 5 2 5 3 2 15
7 4 4 13 2 6 1 18 3 7 4 5 15 3 14 1 4 2 12 3 3 10 5 8 4 8 1 3 2 2 5 6 4 11 2 3 2 1 10 3 2 8 5 15 3 11
6 3 4 11 3 11 1 7 4 2 16 1 11 5 11 4 19 3 5 3 3 3 1 4 4 2 7 5 11 4 12 1 6 1 4 2 5 4 16 3 13 5 15 1 2 2 11