10 5
4 1 1 2 4 5 20 3 12 4 11 2 18 3 1 9 5 13 2 20 2 4 20 3 20
4 4 3 12 1 14 4 3 5 9 5 5 8 3 13 1 11 4 8 2 13 1 2 19 3 1 4 3 10 2 8
7 2 5 19 3 13 3 3 2 5 10 1 13 4 1 10 3 7 2 18 5 12 5 3 14 5 3 2 19 1 13 4 19 2 4 14 3 11 4 3 9 2 10 4 15 1 16 2 2 10 3 5
8 1 4 10 2 1 6 3 9 4 2 11 4 4 1 6 5 4 4 4 7 2 6 1 10 5 6 2 1 19 3 18 4 4 12 5 20 3 14 1 5 1 4 20 4 5 9 1 12 4 5 2 20
5 2 1 3 5 4 5 4 11 5 7 3 11 1 9 2 16 3 2 8 1 16 3 4 3 3 9 1 5 2 14 4 1 5 2 7 3 20 5 8
6 4 5 6 3 9 4 14 1 4 5 3 7 1 11 2 15 5 8 4 8 5 2 7 5 8 4 6 1 3 3 14 5 2 19 1 18 5 15 4 5 3 13 3 5 12 3 14 2 5 4 4 15 5 7 3 2 2 3
5 3 2 19 5 16 4 6 3 5 10 2 2 3 20 3 3 17 5 14 4 15 4 3 8 4 20 1 6 2 9 4 3 10 5 7 1 15 2 3
5 5 5 16 1 15 2 2 3 13 4 15 5 1 3 5 18 2 2 4 13 3 4 1 1 17 5 5 8 2 15 3 4 1 11 4 11 1 4 13
4 3 3 11 2 12 4 20 3 2 4 4 19 1 19 1 2 13 1 2 18
4 5 3 15 1 10 5 13 4 9 2 12 5 4 10 2 20 3 6 1 3 5 17 5 3 7 1 3 2 5 4 3 5 14 4 2 13 4 13 1 10 3 6