10 5
7 3 1 20 4 9 2 15 1 5 15 3 4 8 2 17 1 18 1 5 6 3 5 13 3 3 1 18 5 4 15 1 11 2 3 5 9 3 14 5 2 16 1 5 5 2 4 7 3 18
8 2 2 13 4 16 4 5 14 3 18 1 2 4 7 4 3 13 5 12 1 12 2 17 1 4 17 5 3 7 4 12 5 16 1 10 2 18 3 2 3 5 16 3 20 4 4 15 5 9 2 2 1 11 3 2 12 1 18 3 5
8 3 5 13 3 14 4 10 1 1 4 5 2 18 1 10 4 19 3 18 5 11 2 3 3 5 11 4 2 13 3 16 4 17 1 8 5 3 13 4 20 1 15 5 6 2 2 4 2 5 4 3 1 7 3 2 5 1 20 3 16 2 19 5 9 4 7
5 2 4 14 5 10 2 2 18 5 16 2 1 2 4 4 5 2 19 4 3 1 4 5 6 3 8 5 2 4 3 3 5 17 4 16 1 2
5 3 5 5 2 3 4 8 4 3 15 4 13 1 5 5 14 2 4 10 2 7 3 5 11 1 14 4 4 5 4 2 5 14 3 16 2 20 1 10
4 5 2 9 4 10 3 11 5 15 1 16 2 1 4 4 18 1 2 20 5 5 15 2 7 3 19 1 15 4 7
6 2 1 6 3 9 5 5 5 1 4 3 3 2 17 4 7 4 1 6 4 19 2 11 3 13 2 5 6 3 17 2 2 5 3 17 3 5 2 2 5 3 16
4 5 1 11 5 16 2 13 3 17 4 16 3 5 16 3 2 2 18 1 4 15 1 2 3
5 3 5 10 3 13 2 3 5 3 19 2 14 1 11 5 10 4 8 2 4 17 1 12 3 5 4 2 7 3 18 5 4 6 1 8 5 16 3 6 2 17
6 3 1 20 2 3 4 6 4 4 4 5 17 3 17 2 17 5 4 5 2 18 3 3 1 5 5 6 1 4 3 4 5 16 4 5 2 12 1 8 1 4 10