10 5
7 4 2 4 3 19 5 4 1 2 3 3 15 2 20 5 6 1 2 8 4 1 2 3 20 2 4 5 20 3 2 15 4 17 5 10 5 3 13 4 3 5 13 1 15 2 15 2 2 13 3 9
7 1 2 7 5 5 13 4 16 3 16 2 13 1 18 2 4 15 5 7 5 5 18 4 14 2 19 1 13 3 2 3 2 6 3 7 5 13 1 5 12 5 1 5 4 20 5 16 2 16 3 12
7 5 4 19 2 10 5 13 3 16 1 20 2 1 3 3 17 1 2 20 1 5 2 2 5 18 3 15 4 4 13 1 20 5 2 3 18 4 4 19 1 17 5 20 2 14
8 4 5 20 1 9 2 18 3 6 4 3 5 4 7 2 8 5 20 5 2 2 1 16 3 7 5 5 4 6 4 5 11 3 3 2 20 1 18 5 2 4 5 8 1 14 4 5 3 12 4 2 5 4 10 3 20 1 20 4 5 9 2 16 1 7 3 3 1 4 9
8 3 2 17 5 11 3 19 5 3 19 5 7 4 20 2 10 1 15 5 5 19 3 12 4 20 2 19 1 13 2 2 3 1 4 5 1 13 3 8 5 17 2 20 4 18 1 5 9 1 5 15 1 2 13
8 2 2 5 4 11 5 1 18 4 10 2 17 3 20 5 5 5 1 17 5 15 3 6 2 16 4 5 3 1 13 2 7 5 6 4 4 6 3 16 1 16 2 7 4 4 14 2 9 1 15 5 17 5 3 19 4 7 5 10 1 16 2 12 3 3 16 4 11 2 16
8 2 1 5 4 6 1 4 14 1 4 20 4 2 18 5 14 4 20 3 3 2 2 13 3 11 2 4 4 3 20 4 2 12 1 14 3 15 4 2 3 1 17 3 13 2 2
8 1 1 18 2 2 10 5 7 5 1 15 2 5 3 9 4 14 5 12 4 5 11 4 18 3 11 1 9 5 2 16 3 3 1 2 4 18 5 11 5 1 19 3 16 4 18 5 16 2 18 1 5 12 4 5 6 4 20 1 3 2 8
7 5 5 3 1 15 3 18 2 2 4 5 3 5 7 4 18 2 2 4 5 3 2 14 3 16 1 3 2 3 2 1 14 1 5 4 1 2 17 5 3 13 4 20 2 6 1 4 5 10
4 5 4 16 1 4 5 19 3 12 2 2 4 3 5 5 13 2 18 4 2 4 1 6 3 13 5 8 4 18 1 2 15