10 5
5 1 4 18 2 1 6 2 6 3 3 16 1 20 2 15 1 2 2 2 2 9 4 16
4 4 1 16 5 17 4 8 3 18 4 1 20 4 9 2 8 5 5 2 5 6 1 12 5 2 19 4 15 5 16 3 19 1 19
4 2 5 18 3 16 2 2 13 1 4 1 5 9 4 2 20 5 7 1 18 4 11
8 4 5 10 3 15 2 8 4 4 4 5 7 1 9 3 19 2 12 1 2 5 2 5 2 3 16 4 3 17 5 2 1 2 2 7 1 1 13 3 5 11 3 7 1 17 5 2 4 4 12 1 7 5 19 3 6
4 1 1 19 3 3 11 1 8 5 2 2 2 2 4 15 2 5 19 1 12
7 1 4 8 3 5 5 4 6 2 4 4 4 6 2 6 3 9 1 3 3 1 9 2 4 3 19 2 5 7 2 16 1 5 18 4 2 15 5 17 3 19 1 17
6 5 2 12 5 19 1 14 4 15 3 6 4 2 10 1 16 5 6 3 6 5 3 6 2 5 4 6 5 19 1 14 2 4 14 1 10 3 4 2 3 8 1 11 1 4 9
7 2 2 3 4 12 5 1 15 5 9 2 20 3 3 4 9 1 5 14 5 5 7 3 4 4 14 1 16 2 6 4 4 9 2 11 5 5 1 20 2 5 18 1 13 2 1 5 2 20
8 2 2 2 4 7 3 4 19 1 19 5 16 4 3 18 4 17 2 4 1 18 3 2 8 4 4 5 10 3 3 13 1 5 4 12 1 5 4 1 2 10 1 2 13
6 1 4 11 4 5 14 2 15 4 9 1 7 4 5 17 3 14 1 8 4 18 3 1 2 2 9 5 7 2 3 12 1 15 5 2 14 4 2 5 16 3 2 1 11