10 5
5 4 5 14 2 16 3 5 1 17 3 2 15 3 12 4 4 3 3 3 1 16 4 14 1 5 17 5 2 11 5 14 4 15 3 20 1 18
7 1 1 14 5 5 12 4 12 1 18 3 19 2 5 5 4 16 3 6 1 19 2 8 5 7 3 2 2 1 11 3 13 3 1 6 3 18 4 6 3 1 19 5 17 4 5 4 2 7 3 13 4 14 5 20
4 3 3 6 2 17 1 3 1 4 10 2 3 12 4 20 4 2 11 5 2 3 9 4 9
6 4 3 9 1 17 2 7 4 13 2 4 2 2 15 3 3 12 5 12 2 13 5 2 2 3 19 4 11 5 18 1 5 3 4 18 2 15 5 13 1 1 13
8 5 1 16 3 16 4 12 2 2 5 16 1 3 12 4 3 10 2 12 1 17 4 2 4 4 16 2 18 3 5 1 14 3 5 20 1 5 4 12 5 5 19 1 7 2 8 4 17 3 20 1 5 14 2 5 8 1 8
6 4 5 17 2 3 3 13 1 2 2 5 4 2 5 3 2 20 3 12 1 18 1 1 13 3 1 17 4 20 5 2 2 4 10 1 11
7 3 4 12 2 20 1 12 1 2 6 5 3 4 1 14 2 4 5 16 4 3 4 3 5 1 10 2 9 4 7 1 5 14 3 2 15 5 6 1 5 3 3 8 5 8 1 10
6 2 5 18 2 4 1 3 17 3 3 7 1 19 4 13 2 1 4 3 18 2 4 6 3 11 1 5 19
8 5 1 19 3 16 2 18 5 12 4 9 1 3 13 4 1 17 5 18 3 4 4 17 5 3 8 4 13 5 2 1 19 2 11 3 5 4 1 6 4 20 3 2 6 1 12 4 16 2 4 15 2 3 5 4 8 1 18 5 11 2 10 3 4
5 1 3 7 3 2 4 1 8 5 17 4 3 12 2 9 4 5 1 7 2 4 10 2 16 5 1 16 5 3 4 19 3 18 2 5