10 5
4 1 4 20 1 2 6 1 3 14 1 2 4
7 3 1 13 2 11 3 17 3 4 3 2 10 3 5 5 4 4 2 4 3 6 1 4 5 17 4 5 8 3 4 4 9 1 17 2 5 15 2 9 5 1 17 2 16 5 12 4 2 3 10 5 1 5 4 8 5 18 2 4 3 18
4 3 1 10 3 19 4 14 5 2 9 4 14 5 12 1 12 3 16 3 2 18 3 16 4 7 5 1 9 2 19 3 12 5 4 4 16
5 5 1 11 2 3 3 11 4 19 5 10 1 5 19 5 4 15 3 15 5 20 1 20 2 19 2 1 3 5 6 1 2 12
4 1 5 14 1 1 16 3 1 15 5 17 4 17 1 3 4
4 2 2 16 4 13 5 2 14 4 9 5 8 3 9 1 12 4 3 20 2 19 1 10 5 19 5 3 9 2 11 4 19 5 14 1 20
8 2 4 14 3 2 4 2 5 4 5 3 17 1 18 5 3 5 5 4 4 7 1 9 2 10 3 2 8 1 19 5 8 3 2 10 5 6 4 4 1 1 17 1 5 10 4 2 3 5 3 3 6 1 9
8 3 4 11 3 11 2 16 5 5 20 4 15 3 12 1 3 2 4 5 2 4 1 5 4 8 5 3 3 12 4 5 12 1 3 3 18 2 3 1 1 3 4 1 15 3 11 5 14 2 6 2 3 16 2 2 1 1 16
4 1 1 12 3 3 15 5 5 2 20 3 4 15 5 16 2 16 2 3 2 1 13
4 1 5 11 3 3 19 1 18 4 17 5 4 19 5 18 3 9 2 2 1 11 2 1 10 3 10