10 5
5 4 1 14 4 12 2 18 3 20 2 1 20 4 5 2 2 7 3 4 3 3 10 4 2 5 10 2 4 12 5 6
4 3 3 14 4 3 2 12 4 1 8 3 6 4 10 5 12 2 5 20 2 16 4 4 20 1 17 3 9 2 7
5 1 1 11 2 2 6 5 15 3 4 14 3 7 1 2 5 1 12 3 6 2 14 4 19 5 3 3 3 18 5 19 2 6
8 2 1 13 4 8 1 4 14 1 3 6 4 5 13 3 10 2 10 4 9 1 3 8 4 5 17 3 19 4 6 1 11 4 4 8 2 20 5 12 1 16 2 4 16 2 4
8 1 3 2 1 5 13 3 3 5 4 19 2 14 2 4 15 3 18 4 3 9 5 20 2 7 4 6 4 4 13 5 17 2 12 3 3 1 1 19 2 2 8 3 10
7 5 3 20 1 11 2 9 5 13 4 4 3 1 13 4 11 2 14 4 5 9 4 8 1 4 3 16 2 1 16 4 19 1 5 13 5 5 20 3 2 1 5 2 19 4 18 5 1 3 2 5 4 6 3 2 5 7
4 1 4 12 3 4 4 2 14 5 14 3 5 8 3 3 2 14 5 1 11 5 15 2 11 4 15 3 2
7 4 3 14 1 3 2 10 4 15 1 2 4 1 4 15 4 2 3 3 9 4 11 5 5 5 3 2 4 10 2 12 5 7 1 13 3 1 12 2 13 5 2 3 5 18 3 14 4 8
7 1 4 10 5 5 7 3 13 1 14 2 20 4 14 3 1 19 4 15 5 19 2 4 9 3 12 4 5 19 4 18 1 14 3 17 3 5 5 3 15 1 18 4 2 17 4 17 5 6 1 19
5 3 3 4 2 18 4 18 5 1 5 5 9 3 17 2 14 4 18 4 3 20 5 15 1 2 2 6 4 1 6 5 13 4 10 2 8 4 2 5 4 20 5 15 1 2