10 5
5 4 5 20 1 3 2 11 3 9 5 2 7 1 4 4 14 5 3 3 7 5 2 19 4 16 3 8 1 18 5 11 2 5 11 4 17 4 5 16 2 3 4 9 1 17
4 4 4 3 5 12 2 20 1 17 2 1 10 4 20 4 3 12 2 2 5 10 1 12 5 3 15 4 8 5 8 2 13 1 15
5 3 2 18 4 14 5 14 5 1 17 3 19 4 18 2 19 5 19 2 1 3 4 6 4 3 4 2 11 1 3 4 10 2 1 17 2 10
8 2 4 3 1 12 4 1 10 4 6 3 17 5 5 4 4 16 5 3 1 12 2 10 2 4 13 2 4 3 2 9 3 12 5 12 1 3 13 4 3 6 2 9 4 12 1 9 4 2 14 1 13 4 18 3 2
7 5 3 4 4 6 1 15 5 8 2 15 4 1 19 2 2 4 17 5 5 5 2 17 3 13 5 20 4 9 1 12 3 4 12 1 10 2 13 2 1 15 5 9 1 1 16 4 5 16 1 9 4 16 2 2
6 4 2 17 1 16 4 11 3 16 1 2 14 3 5 5 2 16 3 7 2 5 8 4 3 1 2 2 5 3 15 4 15 5 3 2 20 1 8
6 3 4 11 2 15 3 14 2 2 6 4 17 5 2 14 3 19 1 16 4 3 5 13 3 5 16 1 2 3 14 2 3 18 1 13 3 5 13 4 18 2 16
6 3 5 13 2 2 4 4 3 4 2 2 14 1 9 3 2 6 5 12 3 8 5 2 16 1 2 5 15 4 5 3 8 1 4 8 1 1 13
4 3 1 19 2 11 5 9 5 5 13 1 8 3 10 2 13 4 3 3 2 2 1 18 4 4 1 3 7
5 2 2 18 3 14 3 2 2 4 8 3 9 5 2 4 5 13 3 12 4 20 1 9 4 1 9 5 6 3 6 2 10 2 2 9 5 2