10 5
5 1 3 11 5 1 13 4 18 3 4 5 13 2 11 5 3 16 2 13 5 5 1 9 4 14 3 1 13 3 18 4 10 1 2 17
4 3 3 20 2 8 5 5 1 3 16 1 4 5 3 5 3 1 15 2 4
4 5 3 14 5 19 4 12 2 7 1 6 3 3 10 1 3 4 17 5 1 2 3 14 5 3 2 7 4 18 4 1 6 4 13 2 10 3 11
7 4 5 6 2 10 4 4 3 15 4 3 9 5 2 4 11 2 13 4 3 15 5 13 4 2 1 10 2 1 12 5 16 5 1 20 3 18 2 14 5 14 4 18 2 5 5 1 10 4 3 6 5 5 4 19 1 12
4 2 4 20 1 6 5 4 8 5 2 3 6 2 15 1 20 4 2 12 4 20 3 15 5 20 1 5 8
8 3 1 4 2 15 3 5 3 4 19 2 9 3 3 4 3 17 1 5 5 7 2 17 5 3 7 5 6 1 12 4 13 2 2 1 2 12 4 2 17 4 14 5 9 1 19 5 5 18 1 10 4 15 3 2 2 18 4 3 2 1 2 5 20 4 5
7 3 4 3 5 10 2 19 3 3 19 2 17 1 13 1 2 11 1 3 10 3 2 5 4 15 3 10 1 2 2 5 4 2 1 10 2 2 3 8 5 15
8 5 4 17 1 5 5 8 2 8 3 12 5 4 7 3 13 1 4 2 7 5 2 5 3 4 1 13 2 11 4 9 5 20 4 5 9 3 13 4 20 2 11 4 3 13 1 15 2 10 4 17 1 4 4 5 2 19 4 14 1 12 3 16 5 8 3 5 6 4 5 3 19
5 1 3 6 5 5 2 3 20 2 15 4 4 1 12 4 2 2 1 15 3 20 4 3 1 2 13 3 4 5 2 11 5 2
7 3 3 3 4 3 2 20 2 5 17 3 19 1 5 18 2 3 3 5 16 1 2 19 4 5 15 3 11 2 17 4 5 1 2 10