10 5
5 5 5 14 1 18 4 20 2 13 3 13 5 5 6 4 18 3 15 2 11 1 14 1 1 13 4 4 15 3 16 1 19 5 18 3 5 13 2 7 1 14
6 5 4 4 5 5 2 8 1 13 3 19 5 1 7 3 16 5 10 2 16 4 2 5 5 19 4 7 2 2 3 19 1 14 1 1 8 3 1 5 2 3 5 8 2 3 16 2 19
4 2 4 2 1 6 5 4 10 5 9 1 5 2 14 3 4 1 3 8 5 3 14 1 16 5 6 4 2 2 7
5 3 4 5 2 17 5 3 5 4 7 5 6 2 5 3 10 1 10 2 3 20 4 5 4 3 14 4 7 5 3 1 11 3 5 11 4 13 2 14
4 3 4 9 1 18 2 9 2 2 13 1 13 1 2 12 1 2 14
7 3 1 6 3 13 4 17 2 1 4 4 7 3 5 11 1 7 4 14 2 5 5 3 12 4 3 18 4 9 1 2 2 18 5 1 16 2 13 3 6 5 4 4 6 3 1 3 4 20 5 7
5 4 4 11 5 11 1 7 2 19 5 5 8 4 19 1 16 3 17 2 6 5 2 14 4 5 3 10 1 3 5 10 1 3 2 1 5 11
7 5 4 7 5 7 3 8 1 5 2 11 3 3 14 5 10 2 15 5 1 10 2 4 3 17 4 19 5 13 2 2 4 5 5 4 5 15 1 4 4 14 3 12 1 5 14 5 2 10 1 10 3 4 4 7 5 20
6 4 2 15 5 17 1 12 4 7 4 2 5 1 20 5 10 4 19 1 4 20 3 1 8 2 7 3 8 2 3 4 1 4 4 3 6 4 4 2 17 1 2
8 3 3 19 5 18 2 9 5 2 13 1 9 5 8 4 11 3 13 3 1 12 5 11 4 16 3 2 8 5 7 3 17 3 4 19 1 4 3 14 3 1 7 2 14 5 16 3 2 12 4 19 3 19 4 1 15 5 11 4 17 2 12