10 5
8 5 1 6 3 12 2 4 4 14 5 7 1 5 11 1 4 7 5 4 8 2 8 1 17 5 7 3 2 3 4 11 5 8 2 12 1 5 18 3 2 14 3 2 5 4 5 2 10 5 12 4 7 3 15 1 15
7 3 1 6 3 19 5 18 1 2 15 3 4 4 1 10 5 19 3 4 16 3 10 2 8 5 5 9 4 8 2 8 3 6 1 15 4 4 5 5 18 1 17 3 15 4 3 18 5 16 1 8 4 2
8 2 3 11 1 17 1 1 11 3 1 15 2 19 3 10 2 1 7 3 3 3 2 13 4 10 1 19 3 2 13 1 13 4 19 5 4 6 1 17 3 7 5 16 2 6 5 5 15 1 18 2 9 4 13 3 16
6 1 5 18 5 5 19 4 17 1 7 3 11 2 12 5 2 15 1 6 3 12 4 13 5 8 3 1 8 2 12 5 5 2 3 3 4 15 4 4 7 1 9 3 9 2 16
8 2 1 10 5 4 5 1 5 3 11 4 20 5 18 2 11 3 2 6 1 17 5 4 2 5 11 4 4 5 5 17 2 11 4 11 3 9 1 7 5 4 7 2 14 1 8 5 14 3 17 5 5 19 1 18 4 13 2 13 3 13 1 2 15
6 1 3 8 4 1 18 3 16 2 12 4 17 3 2 5 3 9 4 18 3 2 18 3 14 4 12 1 5 10 5 1 10 2 17 3 9 5 13 4 7
5 5 1 14 4 14 3 17 5 18 2 12 1 4 16 5 2 18 1 17 5 18 3 4 4 20 3 4 3 1 12 3 2 4 5 13 3 16 2 2 4 3
8 1 1 16 5 4 6 5 10 2 4 3 15 1 3 2 5 16 4 9 4 5 19 3 15 4 13 1 8 2 1 17 3 11 4 1 18 2 11 5 17 4 19 2 3 5 1 8 3 4 5 2 9 5 7
8 2 5 19 3 5 5 1 8 4 13 3 13 2 14 5 12 1 5 6 1 1 5 4 4 12 5 5 3 6 2 8 3 1 5 4 20 3 3 1 4 3 3 4 7 3 18 2 15
4 3 4 18 1 4 3 17 1 4 4 4 4 19 5 20 1 19 2 12 1 3 19