10 5
7 3 4 16 2 9 3 14 4 5 8 3 17 2 16 4 7 2 1 8 4 13 1 2 20 4 3 3 5 7 4 8 1 10 5 4 13 2 9 1 19 3 10 5 6 4 3 6 1 10 4 5 2 17
7 2 3 19 4 16 2 2 14 3 16 5 1 4 5 19 3 11 2 6 4 15 2 3 16 4 13 5 5 20 4 6 1 16 2 8 3 8 1 4 2 4 4 10 3 12 1 15 5 17
4 2 3 6 5 15 2 2 8 1 20 1 3 12 5 4 16 2 10 3 17 1 18 5 2
5 2 2 8 1 17 5 2 5 1 14 4 10 3 13 5 15 3 4 4 5 16 3 17 1 3 13 2 4 3 1 5
8 4 2 4 3 12 4 8 1 12 5 2 6 5 4 1 19 3 3 4 15 3 3 11 2 16 1 17 5 4 8 1 15 2 18 3 4 5 11 5 4 15 1 5 3 9 2 20 5 7 1 4 18 1 2 16 2 2 12 4 19
8 2 3 5 5 20 3 5 11 2 14 4 14 2 1 13 5 5 2 3 10 2 7 1 4 7 1 5 19 5 5 16 3 5 1 14 4 13 2 6 1 1 8
5 1 2 13 3 1 15 4 10 2 20 5 3 2 2 18 1 4 5 17 4 18 3 2 5 4 7 5 8 1 2 20
5 2 4 10 5 15 2 2 6 3 2 3 2 5 1 7 3 6 2 4 4 1 12 1 5 12
8 1 3 20 5 3 7 5 13 2 4 1 16 4 3 4 2 19 1 2 3 9 5 6 2 4 19 1 17 4 3 13 4 11 1 14 2 16 3 3 18 1 20 5 6 5 4 3 5 14 2 6 1 7 3 4 1 3 19
4 1 3 2 2 4 13 1 3 4 4 5 5 9 2 8 3 9 1 4 6