10 5
7 2 5 3 3 11 2 4 10 3 19 2 4 15 5 2 5 4 6 3 17 1 13 5 20 2 2 1 1 2 2 4 2 2 14 5 1 13 3 18 2 18 5 9 4 10
8 2 3 15 4 3 1 4 19 4 2 13 1 7 4 17 5 5 4 1 10 4 6 3 2 5 5 5 4 20 3 11 1 19 2 9 5 3 2 3 17 1 5 4 2 7 4 13 5 15 3 18 1 5 14
4 2 5 19 4 12 1 4 9 2 5 16 4 8 2 5 13 1 6
7 1 2 14 3 1 16 2 2 3 13 4 4 17 1 9 2 6 5 3 2 4 13 5 6 1 5 18 2 2 4 4 12 5 4 13 5 8 1 15 2 12 3 16
8 3 2 19 4 14 3 12 3 5 14 4 3 2 10 3 3 15 1 9 5 19 5 1 5 2 19 4 11 5 5 3 6 4 3 9 4 12 5 16 2 4 3 2 14 3 13 5 10 3 1 5 2 16 4 18 3 2 3 1 19 5 16
6 5 5 14 3 7 2 20 4 2 1 8 3 4 2 5 5 2 15 2 4 16 5 16 1 2 18 3 2 12 1 11 5 15 5 3 5 2 19 4 15 1 10 5 14
5 4 1 4 5 13 3 17 2 12 4 5 14 1 16 2 14 4 6 5 2 20 3 15 4 15 5 8 1 19 3 1 10 5 16 2 9 1 5 18
4 2 4 11 2 15 2 3 19 1 7 3 2 4 4 8 1 11 3 4 13 3 20 1 12
8 3 4 14 3 11 1 2 4 4 18 5 4 2 9 3 4 3 3 17 2 19 1 13 3 5 19 4 8 1 7 5 5 3 4 20 3 6 1 13 2 19 4 5 14 2 12 1 9 4 13 5 5 7 4 3 1 2 3 13 2 16 3 2 17 3 12 5 18
5 5 5 6 3 9 2 11 1 7 4 4 5 2 8 3 20 4 16 5 13 1 20 4 2 3 1 12 5 15 3 17 1 4 19 4 2 12 3 2 5 16 1 17