10 5
4 5 2 9 5 10 3 9 4 6 1 18 2 5 8 2 13 4 4 17 2 3 1 5 5 17 3 3 13 4 17 5 17
7 3 5 16 1 7 3 14 3 4 20 3 17 5 15 3 3 20 5 4 1 2 2 3 4 1 7 3 4 3 3 7 5 18 2 4 16 5 3 2 2 20 4 12
7 3 5 6 1 20 3 11 4 1 7 3 17 5 13 4 20 4 3 4 5 17 2 4 1 19 3 2 12 1 9 5 14 3 1 16 4 13 2 14 1 5 17 5 1 4 3 17 5 12 2 20 4 18
4 4 3 12 1 10 2 13 5 2 5 2 5 3 3 1 8 4 6 5 11 4 2 18 4 18 1 10 5 18 3 4 8 3 16 1 18
4 4 1 16 5 16 2 5 3 2 1 3 20 5 2 18 3 13 4 5 5 12 1 13 4 2 17 1 10 3 17 5 8
6 4 5 19 4 18 1 20 2 9 1 2 14 1 5 16 2 4 15 5 5 4 3 14 4 7 5 15 2 20 4 2 4 5 10 1 13 3 2
8 3 3 13 5 20 4 19 4 1 19 3 14 4 16 2 8 4 2 7 5 19 4 17 3 14 2 2 9 4 10 3 3 11 1 13 2 19 2 3 18 1 13 1 2 8 5 5 12 4 8 2 14 3 10 1 8
7 5 3 18 1 18 5 12 4 13 2 18 5 4 2 3 13 2 20 5 8 1 17 1 1 11 2 1 15 4 19 2 1 3 5 13 2 2 9 5 8 2 5 4 4 10
6 2 3 9 1 4 4 2 14 5 4 1 11 4 4 5 1 6 2 5 3 15 4 11 5 15 1 2 2 3 5 18 1 10 3 20 5 3 3 2 17 1 14 5 7 4 4
8 2 2 4 3 18 5 3 7 5 15 4 20 2 16 1 17 5 4 2 3 12 1 14 2 17 5 7 3 4 10 3 2 5 14 4 4 2 1 14 3 14 2 2 4 3 18 2 2 1 3 5 18 3 4 14 3 7 5 7 4 5 19 2 13 3 6 1 11