10 5
5 3 5 18 1 18 4 16 1 5 7 5 3 11 1 11 5 19 2 4 4 5 2 2 2 4 8 4 1 18 5 12 3 2 4 15
6 1 5 7 2 1 15 2 12 3 3 10 1 10 5 14 4 5 2 4 13 1 12 2 4 2 1 11 5 6 1 5 20
8 5 4 15 1 12 2 9 3 5 5 13 3 1 13 3 4 4 5 3 2 19 5 17 1 16 5 3 2 4 5 5 11 1 17 2 16 4 1 16 2 18 4 10 3 5 3 4 13 5 8 2 18 2 4 10 2 5 3 2 5 5 5 3 7
8 2 1 7 4 6 4 2 13 4 16 3 6 1 19 3 5 15 4 18 2 13 5 3 10 4 13 2 17 1 13 5 10 5 3 20 1 10 4 7 5 8 2 4 2 3 13 5 15 3 2 15 3 14 5 9 2 4 11 2 12
8 5 5 14 3 3 2 5 1 13 4 4 3 3 2 1 18 4 10 5 1 4 3 17 4 9 2 11 5 9 3 1 19 3 8 5 7 5 1 9 5 8 2 20 3 3 4 15 2 4 5 5 15 1 4 6 1 5 12
4 5 3 13 5 16 2 18 4 5 1 4 3 5 13 4 19 2 8 4 3 17 5 2 1 8 4 16 4 5 14 3 2 1 3 2 5
8 2 2 4 4 3 4 5 8 1 2 4 9 2 12 1 4 16 2 1 12 3 13 2 2 11 4 9 3 3 3 4 12 1 2 2 5 20 1 6 4 5 12 4 12 2 4 1 2
4 3 5 15 2 3 3 3 3 3 10 5 2 2 8 1 1 11 1 5 9
6 4 2 18 5 3 3 7 4 3 1 4 6 4 2 4 4 16 1 3 3 5 4 2 20 3 2 4 14 5 15 2 3 6 1 5 5 2 18 5 13 4 12 1 9 3 16
5 5 3 16 4 9 2 15 1 14 5 15 3 3 7 2 4 5 12 5 5 4 4 6 2 14 3 6 1 17 2 5 9 1 18 2 3 8 5 15