10 5
8 5 2 4 3 12 4 18 1 14 5 7 1 2 8 1 5 4 4 1 4 4 2 3 17 5 11 4 3 12 2 2 4 5 1 5 3 4 14 2 6 1 16 1 2 4 3 3 5 2 6 5 2
8 2 5 12 1 2 2 3 18 2 20 3 5 19 4 3 3 17 5 2 19 3 18 1 18 5 15 4 10 3 2 9 3 15 5 7 2 3 20 4 11 2 1 6 4 3 2 5 20 1 17
4 4 4 15 1 14 3 19 2 19 3 2 13 5 6 4 11 3 5 7 2 7 4 18 5 3 2 1 20 5 16 2 9 4 12
7 5 1 16 4 19 2 14 5 16 3 4 4 4 7 2 6 5 4 3 17 1 2 10 3 5 16 3 18 2 10 1 2 13 1 3 15 2 1 8 4 5
8 5 4 11 5 17 3 6 2 13 1 2 2 5 20 1 4 2 2 20 5 13 2 3 15 1 17 5 2 7 1 4 4 19 3 11 5 19 5 2 4 1 18 3 8 5 7 4 4 4 5 18 4 7 3 17 1 15 4 4 19 2 20 5 9 3 10
4 2 5 5 3 11 2 4 7 2 13 2 3 2 1 16 1 5 19
7 1 1 2 5 4 17 3 3 5 13 1 18 2 13 4 1 14 2 16 4 11 3 7 1 3 15 3 1 20 4 3 3 7 5 5 10 1 20 4 20 2 16 3 18 4 4 17 5 13 3 15 1 20
5 5 2 14 5 18 1 13 4 16 3 18 2 5 19 4 2 2 4 5 3 4 3 5 14 3 14 4 10 4 2 7 3 15 4 16 5 6
6 1 1 7 5 5 10 2 10 1 7 3 2 4 3 2 5 4 1 14 3 3 19 2 12 1 15 4 2 6 1 4 3 15 4 15 5 2 10 3 3 5 4 4 10 1 5
8 2 3 3 1 4 4 1 10 2 17 4 6 3 5 1 2 10 4 1 10 2 5 3 9 5 16 5 2 16 1 10 3 17 5 4 4 3 4 4 11 5 3 1 13 2 12 2 1 13 5 9 4 5 8 4 5 1 18 2 15