10 5
5 1 1 2 1 2 2 1 2 14 1 2 20 1 3 16
4 5 3 15 5 6 1 4 2 3 4 6 3 5 14 4 4 3 19 2 3 14 4 3 3 5 11 1 11 4 8
4 3 2 16 5 19 3 7 4 3 6 2 9 5 14 1 9 3 3 11 2 16 4 2 3 2 2 3 10 5 5
7 4 4 11 1 15 3 10 5 13 2 3 14 4 6 5 4 7 2 11 3 8 1 14 5 15 5 3 5 5 20 2 5 4 13 1 12 2 4 6 1 18 5 3 14 4 6 1 16 5 7 2 13 1 3 16
4 3 5 2 1 2 4 10 3 5 9 3 17 2 4 1 4 4 3 1 20 2 14 3 7
6 3 4 3 3 6 2 11 3 4 3 5 12 1 7 1 5 6 5 1 2 2 11 4 6 5 6 3 14 3 5 15 2 5 3 8 3 3 16 1 4 5 14
4 4 5 13 2 9 1 17 4 20 3 4 9 3 20 1 18 4 1 11 4 8 5 8 2 10 2 2 3 5 11
4 5 3 18 5 3 4 8 1 15 2 5 2 3 20 5 17 1 5 7 2 3 7 1 19
8 4 4 3 1 18 5 2 3 3 1 2 10 3 2 10 4 13 1 8 5 2 13 4 13 3 7 1 8 5 13 2 1 20 2 17 5 1 2 4 15 5 20 2 5 3 11 4 5 4 2 20 4 11 1 14 1 4 9
5 5 3 15 1 18 5 8 2 13 4 5 2 2 13 3 16 4 2 5 5 19 1 9 4 18 2 4 15 3 5 1 3 5