10 5
5 2 3 2 4 10 1 1 10 3 2 4 4 11 1 12 2 4 9 1 16 5 2 16 4 4 3 7 1 6 5 14
5 4 1 20 3 12 2 11 4 13 4 1 9 5 9 2 18 3 17 5 3 7 2 4 4 5 1 5 5 12 3 2 10 4 2 1 11 3 4 18 2 3 3 3
4 2 5 19 2 3 2 3 19 2 10 1 3 17 5 4 20 2 13 5 5 1 16 3 13
8 2 3 16 4 6 1 1 10 1 5 7 2 5 17 1 9 2 1 4 4 18 4 1 10 4 12 2 19 3 17 5 2 14 3 12 4 10 5 11 1 13 2 2 18 1 20
6 2 1 16 2 15 2 2 5 5 6 2 4 3 2 2 1 2 7 1 3 19 5 3 2 4 12 2 6 1 13 5 6
5 1 2 6 5 2 12 1 13 3 18 5 15 4 18 2 4 7 2 13 1 1 8 3 2 13 4 15 5 16
5 4 2 4 5 7 3 18 4 15 4 4 2 1 14 5 7 3 9 1 5 8 5 4 7 5 4 3 3 2 3 1 20 1 5 5
4 4 4 19 2 5 3 6 5 18 2 3 13 4 16 5 1 5 3 9 4 6 5 4 2 2 1 1 8
8 5 5 14 2 15 3 17 4 2 1 10 1 4 18 5 4 5 2 3 5 18 1 9 3 3 5 4 17 5 20 1 9 3 12 2 15 1 1 4 5 2 9 1 18 5 15 4 2 3 4 3 4 15 5 5 3 7 5 1 9 4 9 2 20 5 15 3 20
4 5 1 11 2 20 4 16 5 9 3 7 2 2 9 3 4 3 3 6 1 19 2 18 2 2 2 1 20