10 5
4 3 2 14 5 3 4 2 1 4 13 1 5 6 4 4 16 1 14 3 9 2 18
7 2 3 15 5 7 5 1 10 2 5 4 12 5 18 3 3 1 1 7 2 1 12 3 19 1 4 2 1 5 6 1 3 12
5 3 1 6 5 6 3 11 5 5 14 3 5 1 20 4 7 2 10 4 3 11 1 5 5 20 2 10 1 5 20 3 2 5 4 10 1 20
6 4 5 11 2 5 1 7 4 10 4 3 19 2 20 5 20 4 19 3 1 17 3 5 4 17 2 4 17 5 6 4 2 12 3 5 4 20 5 18 5 2 16 4 14 1 7 5 5 3 2
7 5 5 11 3 2 1 4 2 17 4 15 5 3 3 5 4 4 9 2 20 1 19 3 1 19 2 3 3 8 4 5 11 4 18 2 6 1 15 3 2 20 4 6 1 7 5 2 2 4 2 1 2 5 15 3 18 5 2 9 4 8 5 9 3 15 1 14
6 4 3 15 1 2 4 8 2 6 1 5 5 4 4 20 2 9 5 18 1 20 3 2 19 3 17 5 10 5 2 20 1 6 5 10 4 12 3 12 3 5 7 1 12 4 11
4 3 1 11 4 17 5 19 3 4 17 3 20 2 16 5 4 13 3 17 5 14 1 13 2 5 4 5 12 3 7 1 6 2 16
4 4 4 9 1 10 2 7 3 14 4 4 3 3 16 2 5 5 18 3 4 2 2 4 5 12 1 5 15
4 3 3 7 4 13 1 7 3 2 17 1 10 4 19 5 1 6 3 5 5 10 4 18 2 3 3 4 17 2 5 3 11
8 2 4 9 2 5 3 3 16 5 17 2 16 4 5 20 3 11 2 10 1 17 3 5 5 4 8 2 3 5 2 11 4 17 5 12 3 19 1 5 1 2 20 2 4 14 3 11 1 1 11