10 5
4 2 1 5 2 6 4 2 7 5 19 4 16 3 10 1 5 3 5 2 9 4 7 1 12 5 6 3 20
8 5 2 5 3 2 1 9 4 19 5 15 3 5 7 2 14 4 15 5 2 14 1 14 4 6 3 11 5 14 3 3 8 2 14 1 15 5 1 10 3 17 2 19 4 19 5 2 5 1 2 2 19 4 5 3 12 5 9 1 5 13 5 2 10 5 14 4 15 1 15 3 16
7 5 5 18 4 11 1 8 3 9 2 12 1 3 15 1 4 12 1 4 3 3 2 11 4 17 3 17 5 2 11 4 20 3 13 1 2 5 9 3 4 7 3 14 1 2
4 5 4 15 3 9 1 3 5 13 2 11 1 1 8 4 1 15 2 3 3 19 5 18 5 1 15 2 10 5 14 4 12 3 20
5 4 4 16 3 7 2 13 1 19 3 5 13 2 10 3 14 5 4 13 3 2 2 7 5 12 1 18 4 3 8 1 13 4 15 2 10 2 3 19 2 19
7 1 1 19 5 2 4 3 15 1 8 4 15 5 8 4 5 20 2 10 4 7 1 6 5 3 11 4 18 1 10 2 11 5 17 3 4 7 5 4 2 11 1 3 7 2 2 14 1 11
6 1 5 4 4 2 13 5 3 1 18 4 3 2 3 8 4 6 4 1 18 3 13 2 9 5 6 3 5 13 2 2 4 12 3 2 2 5 7 4 19
6 4 5 4 1 13 4 4 2 12 3 2 18 4 5 3 7 5 5 16 2 13 4 11 1 13 3 20 3 3 13 1 20 5 8 3 3 3 1 9 2 14 2 1 20 3 5
7 1 4 7 1 1 8 4 5 15 4 17 3 19 1 3 2 2 15 4 16 3 1 15 2 10 5 12 2 5 19 4 5 2 5 8 1 20
4 1 4 17 4 1 17 4 16 2 9 5 10 2 1 15 4 16 5 5 3 4 5 3 15 2 5 1 2