10 5
5 2 1 6 3 4 1 3 12 2 3 15 1 7 1 3 7 1 5 8
8 3 5 10 2 3 4 12 3 1 11 3 6 4 7 3 4 3 5 8 1 4 3 1 20 2 11 4 8 3 5 17 1 18 3 7 1 3 3 2 2 5 3 7 2 1 10 4 12
7 3 5 8 1 12 3 2 2 5 9 3 6 2 5 14 4 9 3 4 13 3 11 5 20 5 1 9 5 4 2 3 4 15 3 11 2 2 17 1 19 2 5 20 1 4
7 4 5 20 1 18 4 10 3 2 1 3 18 2 1 18 5 7 3 5 17 2 16 4 11 1 2 13 4 1 7 4 14 5 4 3 9 5 4 20 2 13 3 16 5 10 1 17
4 5 1 15 5 11 2 18 3 14 4 7 2 5 4 3 16 2 5 11 4 17 3 4 15 5 4 2 18
6 4 4 5 2 13 5 16 3 16 2 2 3 5 19 5 2 16 1 10 4 15 3 16 5 16 1 2 10 5 4 9 2 11 5 13 3 14 1 5 4 4 20 1 14 2 7 3 15
5 2 2 16 3 2 4 1 4 3 9 5 2 2 4 1 3 11 3 2 17 5 18 3 18 3 1 2 2 10 3 5
6 5 3 12 5 5 2 19 4 16 1 3 3 3 18 4 11 1 2 4 4 3 2 18 3 18 5 11 1 5 8 4 2 7 5 16 3 13 1 12 2 2 2 4 12
8 5 4 12 2 20 1 7 3 11 5 16 3 5 17 3 9 1 7 4 5 10 2 20 3 10 1 17 4 4 2 2 11 5 18 3 14 4 5 5 2 19 4 16 3 7 4 2 16 4 8 3 15 1 13 4 5 6 1 6 2 11 3 8 1 3 15
7 5 4 8 3 4 1 7 5 9 2 17 4 4 20 1 3 3 17 5 4 4 5 4 4 20 2 17 3 17 3 4 8 2 15 3 19 1 4 16 2 4 4 1 2 3 4 12 1 6 5 6