10 5
5 2 5 7 1 3 3 4 6 3 3 5 11 4 1 18 5 18 4 10 3 4 5 1 13 2 15 5 3 3 18 4 3 3 1 15 5 7 4 18
4 5 3 10 5 7 2 12 1 19 4 2 2 5 12 4 19 4 3 7 4 17 2 16 1 5 5 4 12 2 5 5 2 1 12 3 12
7 4 4 11 5 20 2 4 1 15 5 2 4 5 17 3 12 4 15 1 12 4 3 6 5 9 1 14 4 11 3 5 13 4 20 3 15 3 2 7 5 13 3 4 4 4 13 3 8 2 14 5 3 3 4 7 3 20 2 19
6 2 3 2 1 8 2 2 6 4 11 2 1 11 5 6 5 1 13 5 8 4 19 2 8 3 8 5 2 4 1 9 5 9 3 16 4 16 1 1 11
7 3 4 20 3 3 1 4 1 1 12 5 3 10 1 16 5 8 2 11 4 5 4 2 18 1 5 5 6 4 17 3 3 12 5 15 4 10 4 1 7 2 19 5 18 3 2 2 4 8 3 13
5 3 1 10 4 2 2 20 4 5 15 1 7 4 7 3 14 2 4 12 3 20 1 2 10 1 2 2
5 1 3 7 4 2 17 4 12 5 13 1 11 2 3 12 4 18 4 1 15 4 6 2 18 3 17 5 4 9 1 17 2 17 3 5 5 14
6 2 2 18 3 8 1 4 17 4 3 14 5 15 1 2 2 19 1 5 14 5 2 16 3 7 5 16 1 6 4 18 5 5 5 2 13 4 5 1 18 3 3
5 3 4 6 1 3 2 6 1 2 6 2 3 2 1 18 4 3 10 1 7 4 13 5 15 2 5 2 3 14
4 5 1 11 4 4 3 10 5 19 2 4 1 1 8 4 2 5 4 9 5 17 1 2 2 2 19 4 20