10 5
4 4 2 15 4 18 5 4 1 3 5 1 6 2 10 4 6 3 17 5 20 1 3 14 1 1 17
7 5 5 19 3 4 4 6 2 6 1 14 1 2 20 1 4 15 1 2 15 2 3 2 2 7 5 3 3 4 17 1 19 2 4 5 11 3 3 7 4 15 1 18
7 2 5 8 2 4 4 4 16 1 11 3 6 2 7 4 3 12 1 16 2 10 4 10 1 2 3 4 2 15 1 15 3 2 4 4 5 5 17 1 19 2 6 4 17 3 6 2 4 15 3 7
4 5 4 8 5 6 3 2 1 17 2 9 1 1 8 1 5 6 5 3 19 2 14 4 16 5 2 1 10
5 5 5 20 4 20 3 13 1 13 2 14 3 4 13 3 10 2 4 5 2 7 5 17 1 12 4 14 3 15 3 5 9 3 2 4 14 3 2 13 5 3 3 18
5 3 5 2 2 3 3 7 4 3 18 2 2 1 7 4 16 4 1 8 2 16 4 5 3 2 2 4 13 5 12 1 2 7
7 2 4 8 5 12 4 3 19 4 15 5 7 1 8 3 4 14 1 19 5 15 5 4 6 1 17 3 2 5 15 2 3 5 1 9 2 2 3 18 4 7 5 3 1 4 9 1 5 9
4 3 4 13 3 12 5 5 2 1 16 5 14 4 3 18 1 2 4 11 2 13 4 3 18 1 15 5 13 2 5
7 4 2 6 3 2 1 20 4 4 1 4 12 1 1 14 5 5 6 1 10 2 2 4 7 3 8 1 3 18 1 1 10 2 4 11 1 4
4 2 3 11 4 7 2 5 16 3 15 4 1 20 4 10 5 11 3 11 2 2 16 3 10