10 5
5 3 1 4 3 18 2 6 1 3 10 4 3 17 1 5 2 14 4 15 4 1 3 3 4 4 5 2 2 1 3 12
8 3 1 13 5 8 2 20 2 2 14 1 17 4 4 16 5 14 3 15 1 6 4 2 6 1 19 4 19 3 6 4 1 5 2 4 5 12 4 18 4 5 17 1 18 2 12 3 2 5 3 2 1 10 2 2 4 20 5 2 4 1 19 2 7 5 8 4 16
5 5 1 19 2 5 4 20 5 2 3 19 3 5 2 1 13 2 10 4 4 19 2 14 5 3 3 20 1 1 15 4 5 9 3 10 4 14 1 10
7 3 3 7 5 16 2 14 4 5 18 4 15 2 2 1 4 4 5 9 1 6 2 13 4 12 5 2 12 4 18 3 20 1 10 5 11 5 2 11 1 18 4 15 5 12 3 4 3 1 7 2 6 5 11 1 4 11
6 1 5 6 3 3 5 1 20 4 19 5 4 6 1 11 2 5 5 17 3 8 3 1 5 3 11 2 14 3 2 4 1 8 3 13 3 5 11 3 10 4 13
5 3 4 19 1 9 5 3 5 3 10 2 6 1 17 4 4 5 9 5 1 8 2 15 4 7 3 18 5 10 4 5 12 3 9 2 17 1 3 1 4 6
4 5 3 8 2 16 1 18 5 15 4 14 3 1 13 5 19 3 20 3 2 18 5 14 1 15 5 5 18 4 2 1 10 2 2 3 12
8 1 5 10 2 5 11 1 8 4 2 4 1 17 3 11 4 10 4 1 12 2 2 3 6 5 19 2 1 19 2 16 2 1 12 5 13 3 5 17 4 16 3 17 4 3 16 1 7 2 9 4 6
7 4 5 3 4 14 3 5 2 12 2 5 7 2 3 3 1 6 5 8 4 12 5 1 8 2 8 5 11 3 16 4 15 4 3 15 2 4 5 11 4 14 3 5 16 1 7 3 8 4 2 16 3 12 5 17 1 7
7 4 1 13 2 19 4 10 3 12 3 3 2 1 6 5 17 3 5 16 2 10 4 19 3 4 9 1 20 5 5 5 3 19 1 18 2 17 5 15 4 10 4 5 6 1 8 4 7 3 4 3 5 2 2 2 3 15