10 5
5 2 2 9 5 3 1 1 18 2 1 20 4 14 4 4 9 1 10 3 13 2 20 2 1 15 5 13
6 1 5 18 1 2 14 1 1 4 1 2 8 2 4 2 3 8 1 3 14
6 4 1 12 4 19 3 6 5 6 4 3 5 1 15 4 2 2 20 4 3 19 4 12 5 13 2 6 3 5 16 1 12 3 13 4 3 7 5 5 1 2 2 16 5 3 15 2 11 4 17 5 5 1 17
7 1 1 14 5 2 7 5 16 3 17 1 20 4 4 3 2 5 4 13 1 9 5 1 4 4 8 3 18 2 4 5 4 4 5 16 3 8 4 4 2 4 5 4 13 2 8 1 16 5 2 3 14 1 3 2
4 4 4 20 2 20 5 12 1 2 1 2 5 2 4 8 5 16 2 5 18 2 20
6 5 1 9 3 20 4 16 5 17 2 17 5 1 3 5 17 4 13 3 11 2 15 2 4 10 3 2 5 2 19 1 6 5 6 4 12 3 16 1 3 11 3 5 2 3 5 4 20
5 3 4 15 5 16 2 3 3 2 11 5 2 4 9 2 2 11 3 13 5 3 4 5 2 1 8 4 9 2 6 1 1 16
7 2 5 6 3 5 3 1 16 2 10 4 20 2 3 5 5 17 4 3 14 5 10 4 12 1 8 3 2 20 5 20 4 12 4 4 16 3 14 2 18 1 20 4 4 10 2 6 5 10 1 19
6 2 2 20 5 12 4 3 7 1 12 4 5 5 3 4 1 9 4 9 5 7 3 15 3 3 10 1 2 4 7 1 5 20 1 3 8
6 1 1 10 1 5 10 3 3 20 5 18 2 5 1 5 13 3 4 4 2 7 3 15 2 2 18 3 5