10 5
8 5 3 9 4 7 5 2 1 15 2 14 3 2 12 4 20 3 5 1 2 17 4 3 8 2 18 1 12 5 10 2 2 11 3 17 5 5 12 2 11 1 13 3 4 4 20 4 4 7 3 11 2 20 5 6 2 4 2 3 11
4 3 5 17 1 6 4 5 1 1 8 4 3 6 4 16 1 13 5 12 5 5 6 2 5 4 8 3 14 1 19
8 1 5 6 3 4 7 1 16 3 14 4 5 3 4 16 3 9 2 19 2 5 7 2 4 3 5 3 2 14 1 6 4 3 15 2 14 4 20 5 6 5 3 13 5 18 4 14 2 13 1 6 1 4 14
7 3 4 10 5 14 3 9 1 1 12 4 2 7 5 17 3 5 4 15 5 1 15 5 20 3 16 2 10 4 16 1 1 19 3 1 5 5 16 2 10 2 2 7 5 15
7 1 2 14 4 5 4 3 8 1 6 2 11 5 1 18 2 9 5 8 3 7 4 5 5 4 12 2 9 3 2 5 19 1 3 1 1 15 3 2 18 1 14 5 8 5 5 19 3 17 1 16 2 13 4 7
6 2 1 20 5 15 3 3 11 5 18 1 14 2 1 4 4 9 2 2 6 4 8 2 5 18 4 2 2 4 11 1 8
6 1 2 12 1 4 8 2 5 2 4 7 1 4 17 1 3 17 5 4 7 3 17 1 6 5 5 2 13
4 2 3 20 4 16 4 3 12 5 11 4 4 2 2 4 3 3 2 13 1 11 5 7 4 3 19 2 7 4 9 1 13
8 5 2 17 4 14 1 11 3 11 5 13 2 4 8 5 3 2 5 17 3 17 4 4 3 2 10 3 15 5 19 2 2 14 3 16 1 4 14 4 3 8 5 19 2 7 4 8 2 5 11 4 13
8 5 4 12 1 5 5 19 3 15 2 6 3 5 8 2 8 4 10 5 5 17 4 19 1 3 2 5 3 9 1 2 18 2 1 10 2 16 4 2 14 5 20 4 4 3 2 5 2 13 1 12 4 8 5 20 3 8 5 2 3 1 4 5 18 4 10 3 7