10 5
6 5 4 7 1 16 2 14 3 20 5 9 3 2 12 5 19 3 9 1 3 19 5 3 3 1 12 2 9 5 11 4 4 2 3 11 4 5 5 4 8 3 16 1 18 5 3 2 6
7 2 2 5 5 20 1 2 9 2 4 9 2 3 1 1 6 4 5 7 4 20 2 3 3 11 3 4 3 1 7 5 16 3 4 3 5 7 3 18
4 3 1 15 2 9 4 13 5 1 11 2 4 3 11 5 12 4 8 4 5 5 4 9 1 5 3 20 3 4 11 5 11 1 5
8 5 2 11 3 16 1 6 5 5 4 19 2 1 18 2 13 2 3 10 1 12 1 5 13 1 1 14 2 5 7 1 6 1 5 19 4 5 16 2 15 1 18 3 19
5 2 5 12 3 17 5 1 9 3 2 2 9 4 6 5 8 4 2 16 3 14 4 10 1 6 2 3 11 2 14 3 2 5 3 15 5 20
5 5 5 2 1 19 4 17 2 14 3 18 4 1 2 5 20 3 15 2 19 3 4 12 3 2 1 4 4 5 10 2 16 4 20 1 14 1 1 17
8 1 4 12 1 3 6 2 3 4 5 7 2 3 3 5 12 4 3 9 5 12 2 5 1 4 4 3 10 4 19 2 7 5 4 1 3 4 2 3 15 2 14
5 1 5 17 3 2 16 1 17 4 8 5 2 20 4 16 3 15 1 2 5 3 3 1 3 2 14 3 12 2 3 10 4 13
8 3 2 10 4 18 1 18 5 3 8 4 9 5 8 1 17 2 18 4 3 3 1 20 4 17 2 11 4 5 13 2 5 1 16 3 7 1 4 2 3 1 12 3 9 5 10 3 4 15 3 10 1 11 4 5 15 4 7 3 5 2 18
4 2 1 8 5 12 1 2 6 2 4 19 5 20 3 3 5 1 20 2 7