10 5
8 3 1 5 3 2 5 14 2 3 20 1 2 1 2 9 3 1 19 2 11 4 17 5 2 5 1 15 3 6 5 10 4 3 3 2 6 5 4 3 5 1 2 19 1 2 2
6 4 2 16 3 11 5 8 1 9 4 4 18 5 10 2 4 1 15 5 3 4 2 2 4 14 1 3 5 12 5 2 16 1 14 3 17 4 11 5 3 2 2 9 3 8 4 4 2 1 10 2 13 3 14
8 1 3 8 2 5 17 4 18 1 3 19 5 2 18 3 5 4 15 1 13 5 20 5 2 13 4 2 1 13 5 7 3 19 2 4 13 2 11 3 2 16 5 5 1 7 1 5 19
4 1 4 2 3 5 15 3 15 1 17 4 3 6 1 2 5 13 4 9 1 1 10
5 5 1 14 3 14 4 3 2 10 5 11 4 2 10 4 16 5 6 3 2 3 3 6 2 20 4 15 4 2 14 4 12 1 17 3 15 2 4 4 3 10
6 2 3 20 4 11 5 3 4 4 8 1 9 5 4 2 8 2 3 8 2 14 4 2 6 4 6 3 4 5 17 4 5 7 2 13 1 20 4 20 5 2 18 3 18 5 18 4 20 1 2
7 5 2 9 4 9 1 2 5 6 3 18 4 4 6 5 18 3 7 2 6 2 3 16 1 20 1 5 7 2 2 20 1 14 1 3 19 3 2 17 3 11 5 2
6 1 2 15 2 3 11 5 9 2 5 15 1 17 4 1 5 3 15 5 11 2 11 5 5 15 3 16 1 8 2 15 4 13 5 1 4 3 20 2 7 5 16 4 4
5 3 4 14 1 7 5 12 4 2 7 5 11 1 2 4 4 4 4 11 2 14 5 6 3 10 4 1 5 5 14 2 20 3 15 3 5 14 2 3 4 20
4 5 5 16 4 13 3 7 1 3 2 5 4 2 3 4 9 5 8 1 9 3 4 19 3 18 1 5 1 1 7