10 5
7 3 3 5 2 16 1 11 2 5 19 4 15 3 3 5 5 10 1 16 3 3 4 4 14 2 20 3 5 5 4 4 3 3 2 2 3 5 7 5 4 15 1 4 3 19 5 16 2 16
5 5 3 5 5 19 2 2 4 19 1 4 4 5 17 4 16 3 2 2 15 1 1 19 4 3 14 1 2 4 13 5 15 4 2 7 4 4 1 2 5 18
7 4 3 17 5 8 1 12 4 16 2 4 13 5 15 3 5 8 3 8 1 11 4 5 6 1 2 4 4 3 9 4 1 20 2 8 4 11 3 6 1 1 20 4 1 18 4 7 5 11 3 2
4 4 4 4 1 20 2 3 3 10 2 3 9 1 5 1 5 9 3 1 11 2 6 4 17
4 3 4 2 3 18 1 6 3 3 3 1 4 2 17 2 3 9 4 20 5 1 20 3 17 2 12 5 18 4 14
6 4 4 7 1 13 5 10 2 6 4 2 14 5 18 1 2 4 4 5 3 6 4 10 1 13 2 7 5 15 3 5 12 1 9 4 13 5 2 19 3 19 1 20 5 15 4 6 3 3 6 2 5 5 18
6 1 1 11 3 3 11 1 17 5 17 3 5 8 1 20 2 5 1 4 11 5 5 4 4 9 1 19 3 18 2 14 2 4 13 5 12
7 5 3 16 4 2 1 14 2 12 5 2 2 3 12 1 4 5 4 12 2 4 3 14 5 12 1 5 4 4 12 3 19 5 6 1 15 4 1 2 4 5 5 18 2 14 2 1 12 2 17 5 2 3 3 13 5 20 1 8 4 6
4 5 2 6 1 6 4 18 5 10 3 15 2 4 3 2 11 2 3 16 1 7 2 1 9 3 19
7 4 4 12 3 7 1 20 2 5 1 4 16 5 1 4 4 4 3 18 5 10 2 17 4 4 14 3 7 1 9 2 11 2 4 14 2 16 1 4 7 3 5 14 2 17 3 18