10 5
8 1 1 18 1 4 10 2 4 11 1 5 1 5 18 1 5 8 2 3 19 5 10 4 3 16 4 2 2 3 1 19 2 5 18 2 15
8 3 3 19 4 12 5 17 4 2 8 4 16 3 16 5 19 4 4 8 2 18 5 20 1 11 4 4 11 3 6 2 11 1 15 5 5 19 3 11 4 15 2 12 1 9 1 3 10 2 5 6 1 16 2 3 12 5 18
8 4 2 17 5 15 1 13 4 16 3 3 5 4 8 2 9 2 5 17 1 12 2 2 12 5 8 2 3 2 4 19 5 4 20 3 14 2 6 5 18 1 13 4 2 6 1 8 3 13 5 6 2 1 9 2 3
7 4 4 4 3 12 1 9 2 13 1 5 15 5 2 18 5 6 4 10 3 6 1 10 3 3 19 1 9 4 16 3 5 9 1 20 4 18 3 3 20 1 2 4 18 4 4 4 2 5 1 14 5 10
4 4 3 9 1 13 5 18 4 2 5 1 19 5 3 3 14 2 19 4 19 4 5 6 4 6 3 20 1 6 3 5 10 3 5 2 15
4 5 4 7 2 14 3 10 1 7 5 13 4 2 15 4 5 3 13 5 19 1 4 3 1 3 12
5 5 2 4 4 9 1 18 3 2 5 18 4 5 13 1 3 3 2 2 8 4 4 17 5 13 2 3 1 3 2 1 12 3 12 1 2 20
8 2 5 17 4 3 4 5 15 4 14 2 16 1 8 1 5 13 2 4 3 1 19 1 3 8 3 2 9 4 10 5 15 1 5 11 2 2 5 4 7
4 4 2 12 4 14 1 13 5 15 4 2 20 3 16 4 14 1 15 2 4 4 5 14 1 1 16
4 5 3 18 2 13 1 20 4 5 5 14 2 2 12 3 9 2 2 4 4 8 1 1 20