10 5
5 2 2 17 5 15 1 4 20 1 4 18 1 3 10 4 4 15 2 2 3 11 1 7
5 1 5 14 5 4 6 3 16 1 20 2 3 5 10 4 3 7 1 15 2 10 5 14 3 1 14 2 7 4 18 4 5 12 2 20 4 15 1 14
6 4 2 10 5 2 3 8 4 14 2 2 8 1 14 3 1 7 2 8 3 13 5 2 10 1 4 5 4 3 6 4 2 3 3 9 5 17 2 13 5 2 11 4 3 5 10 3 13 1 19
8 4 1 10 3 19 2 6 5 16 1 1 17 4 3 6 1 18 5 8 2 4 5 3 18 5 15 1 13 4 15 2 19 5 1 19 4 15 2 5 3 19 5 18 1 4 7 1 1 19 1 5 9
7 1 2 14 3 5 20 2 17 1 18 4 4 17 1 9 3 11 2 17 4 5 7 3 20 2 7 1 17 5 3 12 5 8 1 17 2 14 4 4 4 3 2 2 4 1 13 5 4 1 3 5
8 2 1 20 3 14 1 4 11 1 5 7 5 3 12 1 10 5 15 4 17 2 18 2 1 20 5 3 2 5 11 1 18 5 4 20 2 20 1 17 5 4 3 12 1 1 9
8 2 5 14 1 6 1 3 18 5 1 3 5 3 3 2 4 13 2 20 3 3 12 4 3 1 14 5 1 11 2 11 4 13 5 13 3 5 5 2 10 1 10 5 18 4 14 3 12 1 5 14 4 3 10 5 13 2 11 1 16
4 2 4 14 1 20 3 2 4 3 14 1 11 3 5 6 2 12 4 2 2 2 7 5 12
8 2 1 14 5 7 2 3 4 5 8 5 1 16 4 5 3 12 2 15 5 19 1 4 20 4 5 12 4 16 3 15 1 11 4 2 4 5 14 1 8 4 9 2 5 5 2 6 4 5 7 2 16 3 20 1 16
4 3 2 16 4 19 1 13 5 1 11 3 2 4 15 2 7 5 10 5 2 20 4 6 1 4 3 16 5 3 5 2 18 3 19 1 20 4 18 5 3