10 5
8 1 5 2 4 1 13 2 8 3 7 4 19 4 3 5 2 13 4 3 5 14 5 4 10 1 4 2 13 5 20 3 9 1 4 14 5 1 18 3 14 5 13 2 7 4 4 1 1 7 3 3 17 2 12 1 7
4 5 4 15 2 19 3 15 5 16 1 9 3 5 5 2 4 3 8 2 3 17 4 10 3 1 7 2 14 5 15
7 2 1 2 2 6 2 3 6 5 4 4 5 10 2 9 1 13 3 2 3 5 16 1 14 4 11 2 5 13 2 6 1 2 15 4 1 10 2 13 4 19 5 2
8 4 5 2 3 9 4 20 2 11 1 5 15 1 3 5 1 5 16 2 4 16 2 18 5 3 7 2 4 1 9 4 2 5 13 5 4 19 3 8 5 7 2 15 1 6 5 4 19 1 9 3 4 5 10 2 3
6 3 1 20 5 13 2 7 2 1 20 3 18 5 3 2 5 3 2 3 1 11 4 10 3 5 7 4 2 1 6 3 2 11 4 19 5 11 2 1 13 5 20
7 1 4 10 2 4 7 5 17 4 2 4 3 4 1 15 5 7 5 5 7 4 11 3 6 2 14 1 18 4 3 10 4 20 2 18 1 6 1 5 12 2 1 11 5 15
5 5 2 12 3 15 1 10 4 8 5 9 5 3 16 4 11 5 17 1 8 2 5 1 2 16 2 3 2 1 13 3 1 2 3 10 5 18
5 1 5 16 2 2 9 1 6 2 1 9 4 9 3 2 16 5 20 1 10 1 3 2
7 4 4 10 3 8 1 4 5 17 4 4 17 2 3 1 13 5 16 3 3 15 4 18 2 14 5 4 20 5 19 2 14 3 17 1 2 4 1 20 3 5 5 5 4 6 4 2 7 3 17 5 11 4 9 4 4 7 2 14 3 20 5 20
7 2 3 4 5 10 2 5 16 4 14 5 3 10 5 14 2 8 1 7 4 7 2 1 12 2 20 1 3 11 4 2 8 5 18 4 8 1 11 4 1 5 2 14 3 8 4 7