10 5
5 1 4 9 4 1 14 5 11 3 17 4 15 4 2 20 1 19 3 19 4 3 5 3 15 1 10 2 17 5 2 4 10 4 1 12 4 19 2 18 5 19
6 2 4 7 2 19 3 5 12 3 13 1 9 4 2 5 4 16 3 16 5 17 1 3 19 3 2 18 4 17 3 10 4 5 3 1 7 2 2 3 11
6 2 3 18 5 8 1 1 11 3 4 5 5 14 1 4 2 3 6 2 14 4 2 9 5 8 4 20 3 8 2 1 13 3 12
8 5 3 19 5 16 1 4 2 5 4 8 3 1 19 4 14 2 2 3 1 10 4 11 3 19 1 4 9 1 2 11 4 5 6 1 10 4 8 2 19 5 2 5 1 6 5 17 4 12 3 6 1 1 17
8 3 2 7 3 7 4 13 1 4 11 1 1 12 1 4 2 1 1 5 1 1 7 4 5 14 4 11 2 11 3 13 5 4 7 2 5 1 8 3 16 5 10
7 5 3 20 4 2 5 2 2 2 1 12 2 5 15 3 5 5 3 20 4 16 1 17 2 18 5 16 5 1 3 2 17 4 9 3 5 5 2 5 5 16 3 8 4 8 1 14 2 10 4 2 18 3 9 1 8 5 12 4 3 19 4 13 5 11 2 7
5 1 3 10 5 2 14 3 10 4 19 5 20 1 5 3 2 7 1 3 3 18 3 2 6 4 7 5 14 3 3 16 2 16 4 9
7 2 3 2 4 9 2 5 5 4 17 5 3 5 1 13 4 2 2 14 5 9 2 2 20 3 11 2 3 19 5 4 3 1 18 3 14 2 6 3 1 12 2 15 3 13
8 5 1 20 3 12 4 13 2 9 5 3 4 3 12 4 18 5 4 2 15 4 3 2 5 16 1 17 4 9 2 1 20 2 8 3 4 7 1 8 5 12 3 2 17 1 2 5 2 3 1 9 5 14 3 3 2 4 18 5 15
6 5 3 15 1 7 4 2 5 15 2 2 5 5 19 2 19 4 2 1 9 3 13 2 1 8 5 11 3 4 3 3 14 5 12 3 2 11 1 3 5 12 1 3 19