10 5
5 4 1 7 5 2 3 6 4 20 1 3 12 3 1 20 2 15 4 8 2 3 6 2 19 5 5 9 3 5 2 15 1 4 4 18
7 5 3 13 4 20 5 8 2 6 1 6 4 3 20 2 5 4 15 5 18 2 3 18 5 5 3 1 8 4 10 5 8 2 3 13 4 17 2 3 11 5 18 1 1 11
7 1 4 9 1 1 8 2 4 7 2 5 4 2 20 5 18 4 20 1 17 1 2 2 2 4 3 1 13 1 5 5
4 5 4 3 3 4 5 12 1 8 2 14 5 3 17 4 8 2 10 1 7 5 4 3 3 15 1 4 4 6 2 1 4 2 9
5 2 4 14 3 8 2 4 7 1 11 3 1 20 4 19 2 19 5 5 8 1 4 2 12 4 18 3 3 1 3 12
8 4 4 11 3 8 5 4 2 15 4 3 13 5 15 2 3 4 13 5 4 18 1 7 2 14 3 5 5 18 5 4 6 1 19 2 16 3 13 5 10 5 3 14 1 12 2 9 5 15 4 18 3 1 15 4 8 2 14 1 3 3 5 4 20 1 5 3 5 5 19 2 12
5 5 2 3 1 6 5 12 4 17 3 10 2 1 13 3 11 2 4 4 5 10 2 4 7 3 10 3 5 14 2 7 3 5
6 1 2 3 1 4 9 4 2 5 5 15 4 9 3 16 2 3 19 5 20 5 5 5 1 2 3 14 4 12 2 17 2 3 16 5 14
4 2 4 4 5 8 4 4 18 5 4 3 12 1 12 4 2 9 1 11 4 8 3 11 2 3 19 1 6
5 3 4 12 1 4 5 9 3 1 9 3 9 2 4 4 1 13 2 12 3 16 4 20 1 3 17 4 5 10 2 19 3 8 4 15