10 5
7 4 4 3 1 5 2 15 3 12 2 4 10 1 17 4 3 17 2 19 1 3 5 20 5 4 17 3 12 5 4 1 9 2 18 5 4 12 2 9 1 19 3 19 5 14 3 4 13 3 14 1 4 2 4 10 5 15
8 4 3 15 5 3 1 6 4 8 1 2 19 2 2 2 5 3 4 1 8 2 16 4 5 3 3 3 1 4 2 10 3 15 2 2 5 3 12 4 5 9 2 19 1 20 4 7 1 2 15
4 1 3 4 1 1 7 1 1 10 3 1 5 2 18 5 12
5 5 4 20 2 16 1 12 3 14 5 2 3 4 18 3 2 1 9 1 2 2 1 2 16 2 4 4 5 10
4 3 4 13 2 17 3 20 2 4 2 5 15 3 1 15 5 18 3 8 1 3 11
6 2 2 19 3 18 4 1 6 5 7 4 14 3 5 1 5 4 5 2 3 1 2 3 12 4 6 5 11 3 1 10 4 9 5 13 3 3 3 4 8 5 18
6 3 5 4 3 9 4 5 5 1 10 5 12 4 15 3 19 2 6 3 2 19 4 12 5 11 4 1 10 2 5 3 5 4 12 4 3 19 1 6 2 4 5 10 1 4 16
7 3 5 15 1 14 3 14 4 4 6 5 2 1 6 2 5 2 1 10 3 16 3 2 18 5 14 1 2 4 5 13 2 13 3 11 4 2 1 5 5 2 4 13 5 8
6 1 4 10 4 5 13 1 2 2 10 4 17 5 5 12 1 12 4 6 2 11 3 17 2 4 14 5 18 3 2 12 5 13 4 20 2 5 16 3 5
6 1 2 8 4 3 7 4 6 2 3 5 5 5 1 4 2 4 5 4 3 16 4 15 5 5 3 1 3 4 17 3 9 2 12 2 2 7 5 5 2 3 8 5 8