10 5
8 3 5 8 2 4 1 17 4 2 11 3 20 4 19 1 14 5 3 13 5 20 4 5 2 3 1 10 2 1 16 3 6 3 2 8 4 19 3 4 3 5 15 3 18 2 16 2 4 5 3 18 2 3 11 1 18
8 1 1 6 1 2 10 5 3 10 5 20 2 12 1 9 4 19 1 1 15 4 1 9 3 14 2 13 5 10 1 1 5 2 3 8 2 3 2 4 14 2 7
6 3 1 16 2 8 3 15 1 3 4 5 2 9 3 16 5 2 4 6 1 2 1 2 13 4 1 8 3 10 5 20 2 4 5 2 14 5 20 1 9 3 12 4 18
4 1 1 16 4 3 8 2 9 1 10 5 4 1 4 2 2 1 16 5 14
5 3 2 4 4 13 1 7 3 1 19 2 4 3 19 3 4 11 3 11 2 8 2 4 12 2 13 1 2 5
4 4 4 19 1 13 3 3 2 7 5 4 17 1 8 5 9 3 10 2 5 2 1 3 3 19 5 5 19 3 11 1 8 2 3 4 11
6 4 3 13 1 8 4 4 5 15 4 3 15 1 18 2 5 4 20 2 4 8 1 9 2 1 7 5 5 4 5 19 1 14 2 14 3 13 4 5 13 1 3 3 12 4 17
5 1 5 16 4 4 2 3 5 5 15 1 5 4 2 5 3 5 5 18 4 16 2 1 17 4 16 3 2 19 3 15 4 5
4 4 4 8 2 14 5 5 3 12 5 1 14 3 16 2 8 4 10 5 14 5 5 5 3 10 4 20 2 13 1 11 5 3 9 4 2 5 5 1 17 2 20
6 5 3 10 4 20 5 19 1 13 2 9 2 1 6 3 7 3 2 15 3 17 4 6 1 3 13 2 4 6 5 13 2 2 6 3 4