10 5
6 4 5 16 4 8 2 17 3 3 2 2 12 3 2 2 5 7 2 8 5 5 8 2 6 3 9 1 9 4 16 4 4 18 2 6 3 6 5 11 1 5 9
5 2 5 13 4 15 3 3 5 5 17 1 8 2 5 7 2 4 5 2 19 3 14 1 10 4 15 5 16 2 1 18 3 12
6 1 4 4 5 2 15 5 3 3 17 1 2 4 13 1 1 14 5 1 20 2 3 3 15 4 13 5 18 1 4 13 3 4 4 5 18 3 5
4 2 4 14 3 13 3 4 6 3 10 1 16 5 5 5 3 7 2 4 1 14 4 3 3 5 17 3 3 4 19
8 2 3 20 4 12 5 4 10 3 9 1 20 2 6 5 17 3 3 15 2 4 4 11 5 1 10 4 18 2 17 5 15 3 19 4 3 6 4 8 2 7 5 5 2 3 9 4 13 5 1 13 5 16 2 8 3 6 4 3 4 4 11 2 11 1 20 3 20
8 3 2 20 1 16 4 3 1 2 11 1 3 13 5 4 3 5 7 1 17 2 14 3 8 5 1 3 2 6 4 6 3 5 5 6 3 5 17 4 20 2 2 1 4 7 5 5 19 4 4 2 11 3 12 1 9
4 2 5 13 1 8 4 3 17 4 15 5 4 1 7 1 1 18 5 4 10 3 16 1 8 2 12 5 4
4 1 1 12 2 3 12 4 17 2 5 5 3 18 1 1 5
6 3 3 3 5 17 4 19 2 4 15 1 16 4 3 9 4 13 2 19 5 3 5 3 17 1 17 5 13 4 10 2 8 3 4 3 3 18 5 15 4 2 5 4 16 3 2 1 13
7 5 1 11 3 13 5 19 2 19 4 19 3 5 9 1 2 3 16 5 5 19 4 2 1 3 2 18 3 3 2 2 15 3 8 2 4 13 3 17 1 4 6 3 3 14 1 16 4 3