10 5
5 2 5 8 1 13 5 4 12 1 10 2 20 3 2 5 20 3 3 7 4 5 5 5 3 3 2 5 7 4 4 2 1 4 2 12
4 1 5 15 1 4 11 2 4 12 5 18 3 5 5 3 12 2 10
4 4 4 20 5 12 2 4 1 9 2 2 2 4 4 3 3 4 5 10 2 5 2 3 3 2 14
6 2 5 13 3 8 2 3 12 4 3 2 3 9 1 4 2 3 13 4 7 5 2 13 1 14 3 7 4 3 5 15 5 5 14 4 7 3 16 2 4 1 11
8 2 4 13 2 5 2 4 17 5 14 4 1 2 2 8 4 17 5 6 3 4 14 1 12 2 8 1 1 15 2 5 13 4 17 4 1 7 3 14 2 10 4 9 5 5 9 2 15 4 5 3 9 1 20
5 1 3 6 5 3 18 4 9 1 20 5 10 2 16 5 5 7 3 17 2 18 4 19 1 17 1 1 20 5 4 2 2 16 3 3 1 8 5 13
6 3 4 12 3 4 2 3 4 2 2 1 13 5 18 4 11 3 2 20 5 13 1 2 1 1 18 4 2 12 5 15 1 12 3 11 5 5 18 3 18 1 2 2 8 4 8
8 4 2 8 3 16 5 9 1 4 2 4 3 3 17 2 1 6 5 8 1 2 6 5 4 4 1 8 5 3 2 14 3 2 3 3 13 1 6 5 3 4 2 10 4 11 5 16 1 11 3 3 10 2 8 4 14
5 3 3 20 4 11 1 2 1 1 2 4 2 18 4 16 1 19 5 16 2 1 2 4 2 4 3 2 1 7 4 18 2 3
5 3 5 18 2 20 4 20 2 1 7 2 12 3 2 6 5 13 4 19 4 3 7 2 11 1 5 5 19 4 5 5 1 2 2 7 3 2