10 5
8 3 1 11 5 17 3 5 2 5 3 4 10 5 4 2 5 6 1 3 2 19 3 3 4 2 4 5 9 1 5 3 9 2 1 4 5 17 4 3 8 4 11 1 20 2 16 4 1 17 3 14 5 6 2 10 1 1 20
6 3 5 19 2 16 3 12 4 2 5 4 18 1 17 3 5 1 2 14 1 4 6 1 1 4 1 1 2
8 5 3 14 2 6 5 14 1 3 4 17 2 4 8 3 20 3 4 9 1 5 3 20 3 1 14 3 17 2 18 4 3 8 5 20 2 18 4 2 4 5 2 3 6 1 17 4 16 1 4 4 3 5 8 2 20 3 18
4 1 5 16 5 3 14 1 2 4 3 2 7 5 3 1 5 18 5 2 20 4 13 3 11 5 19 1 12
6 1 5 13 5 4 4 1 14 5 20 2 16 3 19 4 2 5 1 4 3 7 5 9 2 5 11 4 8 4 1 9 4 14 3 18 5 13 4 4 5 2 16 5 19 3 16
5 2 4 12 2 9 3 1 6 5 4 4 9 2 4 18 5 12 4 1 8 4 15 3 13 2 7 4 5 14 3 11 4 14 2 6
6 1 2 18 3 5 16 1 8 3 18 3 2 18 1 16 4 16 2 3 7 4 9 4 2 7 1 3 3 20 5 5 5 1 5 5 12 3 15 4 12 2 5
7 4 1 19 3 13 5 12 4 4 2 4 8 3 14 1 3 14 4 1 6 3 2 4 8 5 14 3 2 6 4 19 3 15 5 3 19 4 6 5 14 2 5 1 15 2 5 4 1 16
5 5 3 18 4 4 2 12 1 19 5 7 1 4 16 1 3 12 4 1 16 5 3 2 5 3 17 4 2 5 1 9 3 8 5 5
4 4 3 20 2 10 5 8 4 20 1 1 18 2 3 18 1 18 3 2 3 4 6 5 19