10 5
8 2 3 12 4 13 5 2 18 3 20 5 9 4 8 1 19 5 5 7 1 15 4 18 2 16 3 11 5 2 5 3 3 5 18 4 2 1 2 2 3 19 2 9 2 2 9 3 2 3 3 2 1 4 2 14 3 5 4 2 7 4 20
4 3 2 4 5 16 3 4 2 4 11 2 18 1 4 13 3 3 10 5 8 1 19
6 2 2 8 3 14 5 1 18 2 7 4 4 5 20 3 13 1 4 11 3 4 18 3 16 1 3 2 1 8 3 15 1 2 19
4 4 5 9 1 4 4 10 2 9 3 5 20 3 10 2 12 1 1 3 2 2 6 5 12
7 1 2 2 2 5 7 4 15 1 3 4 3 1 13 4 4 5 11 3 2 20 3 12 1 5 3 3 13 1 2 5 19 4 1 19 4 4 3 17 2 16
8 4 5 19 4 3 3 17 2 9 2 1 17 5 5 1 2 15 4 1 10 5 11 4 2 3 13 2 3 15 1 4 2 5 19 4 20 4 2 9 1 12 5 9 4 2 2 5 12 4 11
8 1 3 8 2 1 12 3 10 4 2 10 4 20 3 18 1 11 3 5 13 3 17 2 14 3 1 14 4 5 5 14 5 1 9 4 7 5 8 2 3 3 12 5 3 9 2 10 1 8 5 4 4 3 5 2 12 5 6 1 2 4 9 3 9
4 1 3 5 2 5 12 1 3 5 1 10 3 19 4 18 5 16 2 12 4 3 15 2 10 1 16 5 5
7 3 3 8 2 10 4 6 5 4 9 2 7 1 5 3 4 5 14 3 1 13 2 6 3 16 5 4 14 5 8 3 12 2 5 1 19 3 1 4 2 3 4 20 4 5 11 1 12 4 10 3 8 2 5 6 1 5
7 4 3 9 2 7 1 10 4 11 1 3 3 1 4 17 2 2 16 3 12 5 2 18 3 10 5 6 4 12 1 3 2 2 17 4 20 1 4 15