10 5
5 1 5 8 3 1 14 5 3 3 14 2 4 18 3 12 2 5 20 1 20 4 2 12 3 8 1 10 4 5
8 4 5 13 3 6 4 9 2 13 2 3 11 4 10 3 5 14 3 7 4 4 5 4 11 3 20 1 2 5 15 2 8 2 2 16 5 13 1 1 20 3 4 11 1 6 3 15 4 2 20 5 5 3 3 1 13
6 1 4 17 5 3 9 1 6 2 8 5 13 4 18 1 3 13 4 3 7 5 11 1 11 2 3 2 4 9 2 9 3 5 6 1 4 4 11
8 4 2 12 1 5 5 14 3 5 3 1 4 4 7 3 7 1 5 4 2 2 8 4 17 2 4 2 5 14 2 2 12 3 9 1 5 3 1 5 19
6 4 5 19 2 13 3 19 1 10 5 3 11 2 17 5 19 4 8 1 16 5 2 8 5 18 1 8 3 5 4 7 3 4 20 2 10 1 13 3 5 15 2 9 1 3 4 2 8 1 18 5 14 3 10
6 4 2 6 5 6 3 2 1 17 5 4 17 1 6 5 20 3 13 2 16 4 5 20 1 2 2 10 4 9 2 5 12 1 12 1 3 14 2 4 18 1 6
6 5 1 9 3 9 5 10 2 9 4 18 2 4 6 2 14 5 5 5 4 16 2 16 1 13 3 16 3 4 2 1 4 3 20 3 1 5 5 6 2 15 2 2 14 5 11
6 2 3 17 5 19 4 1 9 4 16 2 19 5 12 5 5 7 3 19 4 10 2 2 1 4 4 1 7 2 8 5 4 4 3 2 5 20 2 10 4 5 9 4 14 1 10 3 15
6 5 5 8 1 17 2 20 3 6 4 2 4 2 9 4 18 3 16 1 17 3 5 7 2 3 1 6 1 4 14 1 1 15 4 2 2 1 13 3 19 5 18
8 4 3 9 5 7 2 20 1 20 1 4 20 1 2 6 2 2 7 3 18 2 4 6 3 7 2 4 4 1 14 4 3 7 1 4 5 10 4 18 1 4 10