10 5
4 4 3 16 2 10 1 10 5 11 3 4 14 5 18 1 11 2 1 3 2 13 5 1 12 3 17 5 7 2 7 4 19
4 1 4 18 1 2 15 1 3 18 4 4 10 5 11 2 12 1 8
6 2 5 7 2 20 5 2 20 1 4 4 2 3 18 5 7 2 3 7 1 16 1 1 19 5 3 8 1 11 4 8 2 6 5 5 1 4 8
6 5 1 14 2 4 5 9 4 16 3 9 2 2 10 1 18 2 4 10 2 12 5 3 13 1 6 5 8 4 4 2 14 5 5 5 4 10 1 13 2 8 3 4 1 1 8
7 3 1 15 3 5 5 5 2 4 15 1 12 2 2 12 4 14 1 3 7 2 4 16 2 13 5 5 2 4 11 2 18 1 7 3 10 2 3 9 2 3
7 5 1 11 2 4 4 10 5 5 3 5 5 2 5 1 18 5 14 4 4 3 11 4 5 20 3 12 1 9 2 11 4 3 16 1 7 2 20 4 5 2 2 12 1 2 5 3 3 5 3 4 10 2 15 1 6 1 1 19
8 1 5 3 1 3 7 4 4 8 1 16 2 8 5 17 4 1 11 3 8 5 5 2 6 1 2 3 4 2 2 3 18 1 17 5 15 4 2 16 4 6 1 19 5 2 5 1 3 4 18 3 13 5 10 2 19
6 3 1 9 2 12 3 17 4 2 14 4 13 1 16 3 13 5 2 10 4 3 5 11 1 11 3 16 4 4 5 3 6 5 7 1 6 5 2 18 5 19 1 10 4 11 3 6 5 4 12 3 15 1 13 5 17 2 13
7 1 5 17 2 2 14 1 10 3 1 9 5 7 2 7 4 1 6 2 8 5 19 3 5 3 2 5 1 17 4 6 2 5 7 2 18 3 1 8 5 12 2 14
7 4 2 16 5 3 1 7 4 4 4 4 3 2 13 5 2 3 6 5 1 11 4 17 2 2 5 5 3 3 4 3 18 5 2 4 10 2 2 5 4 4 3 3 1 10 2 12 5 14 4 3 15 4 15 5 6 1 14 1 5 20