10 5
5 1 2 19 5 1 13 5 3 4 4 2 6 3 16 1 3 2 1 5 19 4 2 2 3 2 4 16 1 17
6 2 1 20 5 20 4 4 19 1 18 3 5 2 12 4 1 11 2 8 3 4 4 4 5 2 4 5 9 4 2 3 5 1 8 1 2 5 1 4 19
8 1 3 11 5 5 12 4 14 1 18 3 9 2 11 1 5 3 2 5 12 3 5 4 3 10 2 12 4 5 1 11 2 1 6 5 18 1 5 19 4 3 20 5 16 2 12 1 3
8 2 1 5 3 7 4 2 18 4 11 5 12 3 15 4 3 2 4 13 1 13 2 5 4 1 10 2 15 5 17 4 20 1 3 5 5 3 14 2 16 1 6 4 13 5 6 3 1 17 5 5 3 16 4 5 4 2 20 4 12 1 7
6 2 1 20 2 8 2 3 18 1 7 1 2 14 4 1 16 5 10 3 4 4 18 4 1 16 4 19 2 4 5 10 4 4 16 2 11 3 5 1 12
8 1 2 3 1 1 11 5 4 9 2 2 5 19 1 3 3 13 4 5 16 3 9 1 16 2 17 2 3 6 1 8 2 3 10 5 20 3 4 4 5 2 3 16 2 4 13 5 16
8 4 4 10 3 8 1 17 2 6 1 1 11 1 2 7 4 2 10 4 17 3 10 5 18 5 5 17 4 15 3 15 1 19 2 17 5 1 4 2 4 3 18 4 14 5 10 1 5 9 2 1 3 2 20
8 3 1 17 5 2 3 13 1 1 6 3 2 15 4 8 3 10 2 4 2 3 15 3 1 3 4 20 3 18 5 4 13 5 11 1 17 3 14 2 11 5 1 2 4 19 3 6 5 4 2 16 1 2 7
8 4 4 10 2 19 1 9 3 7 1 3 2 4 4 4 5 4 2 11 3 20 1 4 19 5 4 16 1 5 2 16 5 8 3 7 1 4 13 3 5 19 1 9 4 20 4 4 6 1 10 2 20 5 14
8 1 2 18 2 2 18 4 6 3 2 12 4 6 3 2 1 4 13 2 5 3 3 13 1 4 7 3 4 9 5 2 2 5 1 2 11