10 5
8 2 3 5 5 11 1 1 3 4 1 9 3 11 4 14 2 17 1 2 12 4 4 16 5 9 3 20 2 18 4 1 8 2 4 5 10 4 7 1 3 4 4 5 12 4 14 3 5 2 13
8 4 5 19 2 13 1 11 3 10 4 2 19 5 13 4 2 1 15 3 3 14 2 14 1 17 1 5 17 1 2 6 2 2 9 5 4 1 2 20 4 4 19 3 12 1 12 2 6
4 2 1 16 3 10 2 1 17 3 9 4 5 3 2 16 4 9 3 4 4 3 16 5 17 2 16 4 12
7 3 3 8 4 5 5 15 1 2 13 4 1 20 3 4 4 6 2 19 5 5 11 4 5 1 6 2 12 3 5 3 5 2 1 16 3 14 3 5 9 2 19 1 5 4 1 20 5 8 4 20 2 19
5 3 1 5 4 9 3 20 3 1 10 2 7 5 19 5 3 10 5 4 1 8 4 20 2 9 5 3 17 5 18 2 9 4 2 1 11 4 1 7 4 19 5 9 2 10
8 2 2 15 3 14 3 3 11 1 8 2 19 2 3 7 2 10 4 2 5 5 11 3 19 1 14 3 4 12 3 19 2 19 3 2 14 4 8 5 12 2 5 7 3 17 2 2 10 3 2
8 2 4 14 2 2 3 4 6 2 13 3 5 5 2 20 3 6 5 3 1 7 4 9 1 2 3 5 5 16 1 12 3 9 4 17 2 18 1 4 7 5 5 6 4 9 3 7 1 9 2 17 3 1 6 2 20 3 3
6 3 1 6 3 19 4 7 3 4 9 5 13 3 2 5 1 13 2 7 5 14 4 5 3 18 4 3 19 4 17 1 8 5 15 1 1 6 1 3 10
6 2 5 12 1 9 4 5 14 1 20 4 7 2 3 1 3 2 1 2 20 3 4 6 2 4 3 3 4 2 19 1 12 3 2 5 7
4 5 5 3 1 8 2 14 3 14 4 9 2 1 3 2 14 3 5 20 1 8 2 13 5 1 3 2 7 3 7 5 10 4 5