10 5
8 5 4 11 3 9 1 19 5 5 2 2 2 4 15 1 7 5 1 12 4 6 5 20 3 20 2 8 3 2 5 4 5 5 17 1 5 7 3 3 9 5 11 1 15 1 5 15 5 4 10 3 10 5 10 1 4 2 6
5 2 3 18 2 10 3 2 16 5 9 1 9 2 4 8 1 13 5 1 16 3 19 4 17 5 8 2 2 2 4 11 5 13
7 1 1 7 5 5 5 1 11 2 13 4 16 3 8 3 5 4 4 13 2 18 1 3 8 5 3 11 4 11 1 3 2 13 5 13 4 1 14 3 16 4 2 2 19 2 4 14 5 5
4 1 3 20 1 5 20 4 3 15 1 2 5 9 4 4 2 5 11 3 7
7 4 1 12 3 7 5 4 4 6 5 3 6 1 20 5 5 2 5 4 9 1 2 14 4 5 10 1 4 4 7 2 13 5 2 4 3 12 4 16 5 15 1 3 2 5 3 3 18 2 1 8 2 19
6 2 4 7 5 18 4 2 2 5 5 1 13 4 9 3 2 6 5 14 3 13 3 1 13 5 10 4 15 4 1 16 4 16 5 5 3 7 5 4 4 3 20 5 11 1 13 2 5
6 3 2 15 4 8 5 12 3 1 5 4 11 3 11 4 1 19 3 19 2 5 5 7 1 4 7 3 3 8 5 18 1 17 4 4 18 3 13 2 17 1 18
5 3 4 5 2 8 1 7 4 1 17 2 12 4 14 5 14 3 1 14 3 7 5 13 5 2 10 3 18 1 11 5 13 4 9 3 2 2 5 7 3 5
8 4 4 17 2 12 3 10 1 3 3 2 17 1 11 3 8 5 5 20 2 8 4 9 3 4 1 7 1 2 10 5 1 2 3 3 2 15 4 10 5 2 1 3 10 4 2 5 3 15 5 14 1 5 1 5 17
4 1 1 9 4 3 16 4 14 2 11 1 7 1 5 19 4 1 7 2 5 3 8 4 6