10 5
7 4 2 9 3 3 5 3 1 8 1 1 3 4 4 10 2 17 1 4 3 4 4 2 4 4 19 3 7 1 7 1 4 5 1 3 4 2 5 12 3 8
4 2 4 6 1 10 5 1 11 4 18 5 10 3 4 2 10 5 2 9 5 6 4 5 3 10 1 7 4 2 10 4 5 3 13 1 8
4 1 1 5 4 2 7 1 20 4 14 3 5 1 5 20 4 5 8 3 5 4 6 1 7
5 1 1 7 3 4 15 2 19 1 20 1 1 2 1 5 15 5 3 10 2 18 4 7 5 9 1 8
5 4 3 9 4 14 2 16 1 11 2 4 19 3 8 4 2 17 5 20 1 4 3 13 2 5 10 2 8 1 3 11
4 1 4 6 2 5 9 1 14 2 3 2 4 7 4 3 6 1 12 2 7 5 13
4 2 3 13 4 14 3 2 13 3 13 1 4 5 3 17 2 7 4 20 1 4 5 11 2 5 2 4 5
7 4 4 6 3 16 1 8 2 9 1 4 20 1 4 2 5 3 13 1 14 2 13 4 11 5 16 3 2 20 3 14 1 19 1 1 11 4 2 10 3 10 5 20 1 7
8 3 5 15 2 14 1 6 1 3 8 2 1 19 3 6 5 3 19 2 16 5 2 1 7 4 17 5 5 12 3 5 4 12 2 13 1 16 1 2 9 5 5 18 3 2 2 12 1 7 4 19 3 5 5 3 7 4 9
7 1 4 12 5 5 7 1 16 2 4 3 15 4 5 4 4 13 5 16 1 13 3 19 5 5 11 1 12 3 20 4 14 2 12 5 1 15 2 15 4 3 5 17 3 9 2 4 16 3 8 5 4 13 5 12 2 18 3 17 1 20