10 5
4 1 3 14 3 4 19 2 9 5 18 4 2 14 3 13 1 11 5 3 5 3 4 5 9 1 20 2 5 4 10
4 4 2 6 1 16 5 11 3 2 1 1 20 4 3 11 1 3 2 14 5 9 3 4 7 2 9 5 11
6 5 5 9 2 15 3 6 4 4 1 5 5 5 18 2 16 3 16 4 15 1 9 1 5 5 3 3 7 5 7 1 19 4 1 19 2 14 5 16 3 18 3 5 16 2 19 3 18
6 4 1 3 3 10 2 12 5 8 4 1 2 3 17 5 9 4 2 1 5 6 3 1 4 4 17 5 13 1 2 20 3 4 12 3 20 1 16
6 3 5 2 4 9 2 2 2 1 2 2 3 5 2 3 1 15 3 4 5 6 4 12 2 5 11 2 5 4 2 9 4 2 1 20 5 19 5 1 8 3 4 5 16 4 14 2 8
4 1 1 8 2 1 17 4 6 4 5 12 2 11 1 2 4 18 2 2 4 1 6
8 5 4 16 3 2 2 19 1 6 5 17 3 4 10 3 19 2 7 4 5 15 2 19 1 5 3 8 5 4 8 2 6 3 16 1 8 5 3 2 4 8 3 16 1 2 8 1 4 10 3 4 20 3 2 2 20
4 3 2 4 1 17 4 5 1 2 15 5 1 3 2 18 5 20 4 4 3 18 5 1 3 2 19 4 3 5 4 3 14
8 5 4 9 1 15 3 2 2 15 5 14 1 2 14 4 3 18 5 18 1 10 2 17 1 5 2 1 4 9 5 2 6 4 14 1 15 5 19 3 4 2 4 19 5 9 1 5 7
7 2 1 5 5 14 3 4 3 1 6 5 14 5 4 2 1 2 5 19 3 13 2 20 3 2 8 1 17 3 18 4 3 16 4 10 5 10 1 6 4 2 14 1 18 4 11 3 16 4 4 9 1 4 2 12 5 19