10 5
5 1 3 13 2 2 15 4 4 4 3 12 5 4 4 8 1 10 1 5 9 2 1 14 4 14
5 3 5 20 2 15 3 12 1 2 12 1 2 20 1 1 11 5 1 3 5 9 3 15 2 9 4 11
6 4 3 13 2 16 5 9 1 20 4 5 3 4 2 2 5 3 9 2 4 2 1 9 5 2 8 3 20 4 7 5 16 1 9 1 4 13 4 5 15 1 8 3 11 4 2
5 2 5 8 3 5 3 2 9 3 18 5 3 3 1 19 2 4 5 12 5 1 8 4 13 3 18 5 15 2 7 3 3 9 5 9 2 6
6 2 1 19 5 20 1 1 14 3 2 17 4 4 5 12 3 1 8 3 9 2 3 2 4 15 5 15 3 3 11 5 4 1 11
4 5 1 12 2 17 5 6 4 6 3 14 4 5 13 2 13 4 17 1 10 3 5 15 1 12 2 14 5 1 13 2 2 3 14 5 16 4 2
8 1 5 8 4 2 4 4 18 5 14 1 13 1 5 18 3 2 13 1 18 5 12 1 2 4 1 5 20 1 1 5 5 5 20 4 16 2 7 1 5 3 19
6 5 4 15 5 2 3 17 2 6 1 20 4 3 9 4 4 5 8 2 12 4 2 20 5 5 4 3 1 4 1 5 9 4 3 8 4 12 1 14 2 15 1 5 4
8 2 2 11 4 10 3 3 11 2 10 1 20 1 2 9 1 2 15 5 5 16 2 5 1 6 3 16 4 16 3 2 11 4 6 3 8 1 2 14 4 3 17 4 3 2 13 5 14
5 4 3 3 4 14 5 17 1 17 4 4 16 5 14 2 10 1 20 5 3 5 2 8 1 6 4 2 5 17 4 2 5 5 2 4 9 1 16 3 3 14 4 20 2 20