10 5
7 2 4 19 5 5 3 3 7 4 18 1 9 2 3 5 4 20 4 4 15 5 14 2 7 3 19 1 4 15 1 5 18 3 5 5 2 12 3 6
7 2 1 7 4 3 2 5 20 1 8 4 1 4 3 20 5 2 4 18 5 5 10 4 18 2 16 3 11 1 12 2 4 5 5 19 3 4 9 1 14 5 7 3 5 6 4 11 3 3
8 1 1 5 5 5 6 3 13 4 19 1 16 2 10 5 5 2 1 15 3 11 2 13 4 10 3 2 12 1 7 3 8 5 4 4 5 4 1 4 2 9 3 10 2 5 12 4 20 1 2 16 3 3 8 2 16 5 9
4 2 1 4 3 16 5 4 12 2 5 3 17 5 10 1 7 5 4 9 5 5 3 5 1 13 2 13 2 1 2 2 4
4 5 1 18 4 5 3 7 5 7 2 7 3 2 16 4 13 3 19 2 2 13 3 10 4 5 11 3 3 1 10 2 18
4 5 4 10 2 8 3 11 1 16 5 12 4 5 11 3 5 2 15 1 18 5 1 2 2 2 4 13 3 15 5 3 1 3 3
5 4 5 20 3 10 4 11 2 13 1 3 10 1 4 3 5 5 19 4 8 3 12 2 2 1 18 5 1 12 2 3 5 8 3 13 4 17
4 3 5 7 2 6 4 13 5 5 12 4 5 3 10 1 6 2 6 5 3 14 1 12 4 19 5 8 2 7 2 4 9 1 7
4 2 4 18 2 17 2 5 2 2 5 3 2 19 5 15 4 18 1 4 19
7 4 5 18 4 17 2 6 1 6 1 1 4 1 4 10 3 3 12 4 19 5 9 3 1 16 4 2 3 10 3 1 4 2 2 4 10 4 1 3 5 10 2 6 4 15