10 5
5 1 2 19 3 1 4 4 17 2 2 5 4 11 3 3 2 5 5 7 1 8 2 3 9 1 8 2 3 14 2 7
7 3 1 16 3 10 5 5 5 5 7 2 11 4 18 1 6 3 13 5 2 7 3 6 4 6 1 16 5 8 2 3 5 2 4 3 1 14 4 16 2 20 5 5 15 3 15 4 18 2 3 1 14 4 4 12 2 12 3 13 5 3
5 5 5 9 4 10 1 18 3 2 2 3 1 1 8 5 2 6 5 13 3 16 4 14 1 19 2 5 7 1 17 2 4 6 2 6
5 1 4 8 5 3 18 4 3 2 20 5 11 1 8 3 5 7 2 13 4 20 1 4 12 5 5 5 2 13 3 9 4 17 1 8
7 5 3 4 4 3 2 9 1 10 5 6 2 5 6 1 4 1 2 9 1 5 5 4 4 7 2 15 3 3 1 7 3 4 7 1 18 3 2 2 2 4 1 18
7 1 2 7 1 3 17 2 1 4 4 3 1 5 15 2 4 17 3 2 4 4 17 3 2 1 20 5 18 2 2 20 1 20
7 5 1 10 2 16 3 9 4 17 5 18 1 3 19 2 1 20 2 9 3 1 9 5 14 2 9 4 5 15 4 12 3 14 2 8 3 5 12 4 5 1 18 2 1 12 4 8
4 3 5 13 4 7 2 11 3 4 16 3 5 2 2 1 3 10 2 5 11 2 19
6 4 5 2 2 14 3 3 4 6 2 1 11 2 12 5 5 5 4 4 2 14 3 18 1 7 4 1 5 3 12 5 20 4 19 5 2 6 3 12 4 18 1 5 5 16 1 3 11
4 4 1 17 5 11 4 3 2 2 4 2 13 3 11 4 19 5 3 1 3 19 2 5 7 3 18