10 5
6 4 2 15 3 11 5 5 4 11 4 3 8 4 5 2 10 5 15 1 5 14 5 1 18 2 14 5 4 4 4 3 11 5 5 16 2 20 1 17 3 15 4 17 2 4 18 3 11
7 5 4 17 3 8 2 9 5 19 1 18 2 2 9 3 20 3 2 13 4 4 5 17 5 2 11 4 6 1 8 3 11 5 16 2 2 5 5 3 2 2 9 1 9 2 2 6 1 19
7 2 4 17 2 7 5 3 8 4 12 5 17 2 16 1 14 1 5 2 2 5 8 3 11 3 4 3 3 5 1 12 4 4 15 5 15 1 19 3 13 4 1 7 3 15 2 20 4 7
6 5 5 16 1 20 2 15 4 4 3 18 1 1 12 4 2 3 3 11 5 20 4 14 2 4 10 5 3 5 2 18 4 15 1 5 5 15 3 16 3 1 5 4 14 5 18
8 1 2 9 5 2 2 1 20 4 14 3 19 5 12 5 3 7 1 11 2 17 4 6 5 14 1 2 3 1 3 9 2 3 14 2 6 2 5 9 3 9 4 3 8 4 10 2 10 5 10
5 3 3 12 4 8 1 10 1 1 16 1 5 9 5 2 6 4 15 3 6 1 4 5 13 5 3 19 2 13 4 17 1 14 5 6
7 4 3 10 4 7 1 6 5 11 4 3 20 5 9 1 4 2 14 3 4 11 5 19 2 14 3 3 11 1 9 5 13 4 2 4 3 16 1 12 4 6 2 1 9 2 13 5 2 5 3 16 4 9 5 9 1 2
6 5 4 2 2 15 3 16 5 14 1 18 5 1 4 4 12 5 7 2 14 3 6 5 1 19 5 5 3 4 2 7 4 9 3 2 5 4 9 1 11 1 3 20 3 1 9 2 11 5 16
6 4 1 7 4 9 2 16 3 10 4 3 18 2 20 4 17 5 7 3 1 12 2 13 3 14 4 1 13 3 5 2 20 5 6 4 3 20 5 11 4 13 2 7 1 4 10
8 1 1 11 1 3 14 2 4 19 2 10 2 5 15 4 20 1 5 18 3 2 8 4 20 1 11 2 5 17 4 19 2 5 5 3 7