10 5
8 4 2 12 4 17 3 20 1 14 3 1 2 4 3 3 12 1 4 17 4 3 10 4 11 1 17 5 8 1 5 6 2 4 17 3 4 4 5 8 3 13 2 5 1 20 1 3 15
5 1 5 15 2 2 4 3 19 4 2 7 5 14 3 8 4 11 1 4 11 3 4 4 5 18 3 2
7 4 5 18 2 18 1 13 3 18 5 1 20 2 11 5 11 3 17 4 10 2 1 19 2 15 2 5 14 4 11 2 3 17 5 11 2 5 5 1 4 1 1 15
5 3 1 6 3 13 5 9 3 1 16 5 2 3 19 1 5 11 3 1 7 2 20 5 3 1 3 17
4 5 1 16 3 5 2 11 5 19 4 8 4 1 18 5 18 4 4 3 8 3 5 3 4 16 1 19 2 2 5 5 15
7 4 2 19 4 14 3 20 5 14 4 5 3 2 11 3 18 1 8 4 4 2 3 10 2 12 5 11 3 1 17 3 2 5 16 5 4 18 5 2 3 3 1 7 2 8 3 4 2 5 8 2 15 5 2 6 3 5 1 5 5 16 4 19
6 3 5 7 3 7 2 20 2 5 10 3 19 1 4 20 1 3 9 4 1 14 4 10 5 14 2 5 4 1 17 3 9 5 16 4 17
7 5 2 6 1 8 5 15 4 20 3 3 5 5 18 1 6 3 10 4 14 2 8 4 5 13 3 19 1 14 2 8 3 2 8 3 19 4 5 1 3 15 3 3 17 1 8 4 3 5 4 5 2 9 5 7 3 11 1 4
8 1 4 2 2 4 9 1 6 2 3 5 4 18 5 4 15 3 2 5 7 1 15 2 5 4 5 12 4 14 3 12 2 15 5 2 7 3 17 4 13 1 2 5 15 3 3 5 5 19 2 11 2 1 19 4 3
7 5 1 10 3 2 4 14 5 5 2 10 5 5 5 3 7 1 15 2 8 4 20 1 4 11 2 4 12 2 10 1 2 7 4 2 18 4 9 1 9 3 11 2 4 17 3 14