10 5
8 3 3 15 5 4 2 5 4 4 13 3 14 5 18 2 20 4 5 12 3 8 1 15 4 6 4 4 20 3 9 1 8 2 8 2 2 12 3 6 4 2 3 5 6 1 10 3 9 3 2 13 4 20 1 11 3 4 13 1 19 3 3
7 3 3 2 1 20 5 5 1 3 3 4 1 11 3 4 4 12 2 20 4 2 10 5 15 4 9 3 8 3 3 12 5 15 1 19 3 1 2 3 5 5 5 1 3 18
7 4 5 12 4 17 3 15 1 10 4 2 12 4 5 3 17 5 16 3 5 16 1 4 4 3 5 3 4 1 4 5 8 4 12 2 20 5 3 16 1 9 2 16 5 12 4 3 3 1 4 4 8 3 15 5 1 15 5 5 3 6 2 9 4 12
5 1 3 15 3 4 9 1 12 2 11 5 1 6 3 7 4 20 5 4 2 12 5 4 5 2 15 3 20 5 8 1 5 5 3 13 4 11 5 8 1 6 2 12
6 3 2 14 3 2 5 20 1 5 4 4 2 7 3 16 4 11 1 6 4 5 7 4 19 2 17 1 3 1 5 20 2 2 13 5 9
7 3 1 16 4 19 2 13 2 5 13 2 18 5 1 3 2 18 4 9 3 15 5 9 5 5 8 2 19 3 17 4 14 1 10 3 1 16 4 17 2 12 5 4 13 3 18 5 10 1 19 2 6 3 2 19 5 5 4 9
8 3 2 15 3 6 5 18 3 2 3 1 18 3 3 5 3 9 2 8 4 20 1 17 5 19 2 5 10 1 16 2 2 6 4 20 2 2 14 1 14 2 1 9 2 2 4 1 13 4 19 2 9 5 5
7 2 1 13 2 12 5 3 5 4 4 5 20 2 2 1 4 4 5 7 4 9 1 10 2 12 5 5 2 2 2 1 18 4 8 3 20 4 1 7 3 16 2 14 4 7 2 2 15 5 19 3 4 4 3 6 1 15
8 1 3 7 5 2 7 1 10 5 16 4 17 3 17 5 4 19 2 15 5 4 3 4 1 11 2 2 7 4 12 1 2 13 5 2 4 1 16 3 3 5 18 4 3 3 4 7 3 10 1 9 1 2 12
5 4 2 6 3 4 1 19 5 20 3 2 8 4 17 1 6 1 1 9 5 2 8 1 19 4 6 5 13 3 3 4 2 20 1 8 5 16 4 14