10 5
7 3 2 2 1 6 3 12 5 5 14 3 5 4 3 1 5 2 14 5 1 14 3 19 2 12 4 13 5 18 1 4 3 1 3 5 4 4 13 5 14 1 3 3 4 2 1 7 5 4
5 1 4 4 2 5 18 4 14 1 5 11 2 1 6 5 16 3 3 7 1 17 4 3
4 3 3 8 2 14 5 16 5 2 14 3 14 4 16 1 12 5 13 3 2 7 4 18 1 3 4 3 7 4 13 1 20 2 17
7 3 5 14 2 3 3 8 1 3 8 3 3 14 1 12 4 20 1 5 18 2 1 20 5 14 3 3 2 4 9 5 5 3 5 16 2 13 1 7
6 1 5 19 4 1 6 3 3 2 19 5 14 1 4 4 3 5 11 2 9 4 14 4 3 9 1 16 4 19 2 4 4 1 14 2 7 5 13 4 17
8 3 4 10 5 20 1 12 4 4 8 5 20 3 8 1 3 3 2 11 4 14 3 10 3 3 5 1 2 2 19 4 4 7 3 2 1 16 2 5 1 3 20 2 3 8 5 11 1 1 11
6 3 2 19 3 20 4 12 5 3 16 1 18 5 2 2 14 4 12 1 5 9 1 4 7 2 2 11 5 4 2 2 19 1 6
8 1 2 13 4 4 16 2 19 5 19 3 10 5 4 15 5 15 2 20 1 11 3 13 5 5 4 4 9 1 5 2 4 3 13 2 2 3 1 2 2 3 12 4 2 2 2 16 4 7 3 1 14 2 10 4 10
7 5 2 9 1 15 4 7 3 19 5 12 3 1 19 5 6 2 9 1 2 4 1 5 6 5 2 15 5 7 3 4 4 11 1 19 1 2 5 4 5 8 2 15 1 15 4 2
4 1 1 5 2 1 4 2 2 5 2 14 5 14 4 13 3 14 1 8 4 4 3 3 19 1 6 2 12