10 5
5 1 2 6 3 5 9 3 15 2 7 2 2 12 4 19 2 1 3 4 16 4 2 10 3 13 1 17 5 8
4 3 3 19 5 18 4 7 2 1 5 2 2 1 5 5 4 4 8 3 9 1 16 5 8
7 2 3 10 5 3 4 4 11 1 10 3 12 5 16 4 1 16 3 2 5 9 2 3 2 5 12 4 16 1 1 7 5 5 10 3 6 1 18 2 20 4 5 4 2 4 4 19 3 7 5 19
5 5 4 10 5 3 3 16 1 6 2 19 1 1 3 2 5 11 4 20 4 1 9 5 6 3 20 4 18 5 1 6 4 8 5 19 2 6 3 11
8 4 4 4 1 20 5 13 3 11 3 2 6 5 6 3 13 3 3 4 2 20 4 19 3 4 5 2 8 5 6 4 2 3 3 16 5 15 4 4 1 1 6 2 2 8 3 17 4 5 20 2 19 3 2 4 15
7 3 3 20 2 14 1 3 5 4 20 3 14 1 14 2 7 5 20 1 5 8 5 1 4 3 9 5 19 2 2 4 17 3 5 6 1 5 4 8 2 1 5 4 8 1 3 19
6 3 5 4 2 10 4 19 2 5 6 3 19 5 5 10 4 5 1 12 3 15 2 4 5 2 8 1 5 5 19 3 19 4 16 3 3 3 4 11 1 9 2 2 16 5 15
8 1 1 11 1 1 2 1 3 15 4 1 17 5 6 3 13 2 17 5 3 20 1 16 2 16 4 14 5 12 1 5 9 1 3 2 4 3 14 2 7 5 9 4 11
8 4 4 2 3 13 2 5 1 8 4 3 14 2 17 4 11 5 15 5 4 15 3 5 1 13 2 17 5 13 2 4 8 1 6 2 1 3 5 18 2 3 14 1 12 3 1 2 5 18 2 5 5 5 11 2 17 3 4 4 13 1 17
6 4 3 11 5 16 4 20 1 6 4 1 19 5 4 4 10 3 10 2 5 5 1 14 2 4 13 2 19 1 1 3 1 5 10