10 5
8 5 4 8 2 3 5 17 1 12 3 6 1 2 2 5 2 5 1 9 3 9 4 13 5 11 2 3 3 5 11 1 2 14 3 4 4 1 18 3 4 2 2 11 5 9 4 5 15 2 4 1 20 3 13
5 2 3 5 2 12 3 2 7 3 17 5 8 4 5 7 4 14 1 8 2 19 2 1 11 4 11 5 5 9 3 13 4 5 2 7 1 15
6 4 1 9 2 16 4 9 3 5 1 4 11 1 2 9 1 3 20 5 2 6 5 14 4 5 3 20 1 15 4 2 8 3 19 5 12 1 18
7 5 4 6 2 16 1 19 5 6 3 20 3 3 2 1 12 4 20 5 1 12 5 15 4 17 2 18 3 18 1 2 2 1 3 11 5 2 9 1 18 3 14 4 13 5 3 2 4 16 3 12
7 4 5 18 4 9 1 8 3 2 4 1 6 3 8 2 19 5 3 1 2 9 4 2 20 3 11 1 20 4 5 2 3 3 5 4 5 3 13 1 9 2 2 5 4 4 19 2 3 11 4 2
8 2 1 14 5 13 4 2 8 4 6 1 20 5 18 3 1 15 4 2 3 7 2 1 16 4 8 3 1 15 3 3 5 10 1 1 9 4 3 8 2 2 4 10 5 20 3 2 14 1 7 3 13
4 1 1 6 5 1 14 2 14 5 16 3 18 4 12 3 3 3 4 20 5 5 3 3 5 4 10 1 10
5 1 4 2 3 2 3 4 12 1 15 4 4 6 2 16 3 16 5 8 2 4 20 5 2 3 2 4 4 16 3 19
5 2 2 15 4 7 3 2 19 5 11 1 18 1 4 8 3 5 14 3 13 4 17 5 4 13 5 8 3 9 2 11 1 16
6 2 4 14 2 9 3 3 6 1 18 2 14 4 2 7 5 17 4 7 1 3 2 5 6 3 9 5 2 7 1 10 5 9 4 9 3 12 4 2 15 1 14 5 14 4 11