10 5
5 4 3 8 4 7 2 9 5 16 4 2 9 3 5 4 20 1 9 2 1 17 3 10 2 4 13 1 20 2 4 12 1 16
7 4 1 14 5 7 4 5 3 14 1 4 5 4 4 17 3 12 1 9 2 6 4 5 17 4 5 1 18 2 11 5 3 5 4 2 1 18 2 8 5 20 1 1 9 4 4 8 3 4 5 11 1 13
5 5 2 18 5 19 4 12 3 9 1 11 2 1 10 3 18 1 1 19 3 1 17 4 15 2 14 5 5 14 4 11 3 2 1 13 2 2
4 3 2 15 1 17 3 17 1 2 11 3 1 15 5 3 2 20 5 2 15 5 18 1 6 4 18 3 12
5 1 5 12 4 1 12 4 3 3 11 2 2 1 5 16 2 2 7 5 13 4 2 15 4 9 1 15 5 13
6 5 4 3 3 18 1 4 5 19 2 9 3 5 8 2 9 4 18 4 3 19 2 14 5 8 1 8 3 1 13 2 3 4 6 4 4 12 3 18 5 11 2 17 2 5 5 1 7
8 4 4 12 2 12 5 18 1 2 5 5 14 1 3 4 17 2 13 3 14 5 2 12 3 2 5 12 4 3 1 17 4 4 14 3 14 5 19 2 12 1 1 18 1 4 12 2 5 11 2 16 2 4 19 2 2
6 3 1 15 4 15 5 13 2 4 8 1 15 3 3 4 5 20 1 7 5 1 15 3 7 5 17 4 9 2 9 1 2 7 5 1 9 2 8 4 10 5 17 3 20
8 1 1 18 5 5 6 1 15 3 13 2 8 4 2 5 1 2 3 19 5 12 2 7 4 4 3 4 14 5 18 1 18 2 5 8 3 5 3 1 17 5 8 2 8 5 1 19 4 3 2 20 3 8 5 16 5 5 10 3 14 4 14 1 10 2 11
8 3 1 12 3 5 4 3 1 3 10 1 3 11 3 4 18 3 15 2 8 2 1 10 4 2 4 2 4 5 19 4 7 3 17 4 2 19 5 15 1 12 4 15 3 5 14 4 8 3 14