10 5
5 4 2 10 4 7 1 9 3 17 4 2 7 3 2 1 16 5 14 3 4 19 3 14 2 6 1 1 2 4 4 18 5 5 1 9 3 20
5 5 2 17 1 11 4 12 3 6 5 7 5 2 3 3 13 5 10 4 19 1 3 2 2 2 4 5 3 4 19 3 13 1 16 2 1 6 5 7
6 4 1 15 3 5 4 9 5 13 5 2 10 3 19 1 9 4 15 5 18 1 1 14 4 3 7 1 9 5 10 4 13 4 5 19 4 11 3 16 1 12 5 3 16 5 15 1 7 2 8 4 18
8 3 1 15 2 12 5 19 5 5 13 1 8 2 17 3 9 4 18 1 5 17 1 1 6 4 3 7 5 14 1 19 4 15 4 3 4 2 14 4 2 5 3 2 1 9 2 13 2 4 4 1 5
4 4 4 2 3 17 1 16 5 7 3 5 14 4 11 3 7 4 1 5 2 9 3 4 5 5 4 2 7 5 19 4 17 1 14
5 2 3 7 1 13 1 5 5 2 3 8 4 8 4 4 18 1 4 3 10 2 12 1 5 16
4 5 5 8 2 3 1 19 4 15 3 19 4 1 2 2 12 5 5 3 10 4 3 6 1 15 2 15 4 17 2 4 4 5 9
6 2 2 7 5 3 1 2 17 2 2 8 1 5 3 4 4 2 9 1 6 2 5 12 2 4 4 5 4 4 12 3 13 1 20
7 4 3 4 1 12 2 19 5 14 1 1 13 2 3 16 5 4 4 4 15 2 11 5 7 3 14 3 3 2 5 16 1 5 3 2 14 5 11 3 17 2 5 15 4 4
8 4 4 13 3 10 5 13 2 20 5 5 12 4 14 2 16 1 2 3 2 3 1 2 2 18 3 11 1 3 4 5 2 19 3 10 5 9 1 17 4 4 4 3 8 2 17 4 19 5 15 3 5 9 4 13 1 7 1 2 4