10 5
5 5 1 14 4 7 5 14 2 18 3 9 3 3 2 4 17 5 5 5 4 18 1 7 5 12 3 5 2 8 4 1 17 5 20 4 3 3 5 2 5 19 4 5
5 2 1 4 3 16 3 4 19 1 16 5 16 5 2 18 1 12 3 17 4 8 5 14 5 3 8 5 19 1 18 2 18 4 7 4 2 9 3 9 4 12 1 7
4 5 4 13 1 16 3 14 5 13 2 14 3 1 5 4 16 5 3 3 4 10 2 5 1 16 1 5 16
5 4 4 9 3 19 1 6 2 9 1 3 18 4 4 5 1 3 2 15 5 20 3 2 5 4 2 5 5 4 5 14 4 19 2 12 1 18
8 3 3 13 1 14 5 12 2 4 18 1 8 1 4 9 5 3 3 4 2 2 11 1 10 5 3 5 1 20 3 13 2 16 4 15 5 9 5 2 8 4 9 3 10 5 13 1 5 2 2 19 1 7 3 2 19 4 19 3 9
6 5 4 15 3 7 1 13 5 7 2 6 3 4 17 5 19 2 5 1 1 15 3 1 3 2 13 4 7 1 1 9 4 4 15 3 10 5 11 2 17
6 3 5 19 4 18 2 16 1 5 17 5 3 2 5 16 4 3 2 15 1 12 3 1 17 5 10 3 19 2 5 4 2 8 5 5 10 1 19 2 9 4 3 3 8
4 4 3 2 1 6 2 13 5 13 4 2 4 4 8 1 16 5 2 4 3 16 5 20 4 10 2 19 4 4 13 2 12 1 2 5 12
7 5 2 6 4 8 3 11 5 7 1 12 2 1 9 4 2 5 1 9 2 13 3 8 5 14 4 9 2 5 2 3 2 4 1 11 3 14 4 16 5 8 4 2 10 5 2 1 3 3 17 3 2 3 4 3 1 20
7 5 1 6 4 14 5 16 2 10 3 14 2 3 8 2 7 5 1 5 4 14 5 10 3 10 2 10 4 2 18 1 6 4 6 3 10 2 2 10 5 19 1 4 5 5 2 14 1 6 4 6 5 19 3 19