10 5
7 2 4 19 5 20 2 2 7 4 17 2 5 19 2 11 4 2 15 1 8 4 19 5 16 2 5 3 4 13 1 1 14 4 2 5 5 12 4 15 3 9
8 3 3 9 1 11 2 5 5 5 3 1 19 4 15 2 20 3 19 3 1 7 3 18 5 5 3 5 13 4 14 3 7 3 2 19 5 17 4 20 2 1 8 5 8 2 4 2 1 10 2 4 17 2 4
8 5 3 4 5 17 1 8 4 9 2 6 2 2 7 3 2 5 5 16 1 2 4 10 3 20 2 5 1 3 18 1 1 17 4 3 9 4 14 5 5 1 7 5 2 20 4 19 5 20 3 9 1 16 4 5 12 4 15 3 18 1 18
7 4 2 8 4 3 1 8 3 15 1 2 14 4 2 19 3 11 1 3 5 17 3 4 11 3 10 5 4 5 2 20 4 20 5 2 1 13 3 12 1 5 14 3 1 10 2 7 4 2
5 2 1 12 4 12 4 4 11 3 17 2 7 1 14 5 2 18 4 14 5 6 1 5 3 4 4 2 3 5 4 4 14 1 12 2 3 18 2 14
7 1 4 10 2 3 14 4 6 2 4 7 1 18 4 3 20 4 17 5 18 2 2 4 3 19 4 12 1 4 2 9 4 5 7 3 8 4 14 2 15 2 3 4 1 5
7 4 5 15 3 7 2 16 1 3 5 1 6 2 12 4 11 5 8 3 16 5 5 18 1 14 3 20 2 12 4 13 4 4 17 2 19 5 16 3 6 1 4 5 4 5 18 2 17 1 2 4 14 2 5 20 4 12
8 1 1 19 3 4 6 2 5 5 9 2 3 14 4 2 2 2 18 5 4 2 1 5 2 16 5 1 8 2 15 4 7 3 18 5 8 3 4 10 2 4 5 20 3 1 5 4 4 2 16
4 1 2 20 1 3 8 4 5 19 1 2 4 11 3 13 1 3 5
8 3 4 12 1 14 2 4 1 4 16 5 2 19 5 17 1 4 3 7 4 17 3 5 7 1 13 3 17 1 4 5 4 4 16 1 3 2 7 5 7 2 3 7 5 7 3 2 14 3 4 4 18