10 5
5 1 1 13 2 4 17 1 15 5 2 5 5 9 3 8 1 19 4 14 5 2 19 3 8 4 14 5 16 1 3 5 2 3 4 11 3 4 1 6 5 20
6 4 1 9 2 4 5 5 4 13 4 2 20 3 12 1 15 5 16 3 1 6 3 2 2 15 5 1 2 5 5 4 20 3 3 2 4 4 4 12 3 11 5 14 1 15 3 3 19 5 16 4 7
4 4 3 4 1 9 4 5 2 7 1 1 14 2 2 3 4 15 2 1 17 3 18
7 2 4 13 2 18 2 1 11 3 20 2 2 20 4 13 5 1 18 4 10 3 8 5 13 2 3 4 1 3 4 3 3 19 5 15 2 4 18 2 12 5 5 9 2 10 1 16 3 2 4 13
4 3 1 10 3 14 2 17 2 5 20 2 7 3 1 11 3 20 5 4 4 1 6 3 7 4 15 2 3
4 1 5 8 3 2 15 3 4 4 6 3 3 3 5 5 4 4 5 1 3 5 11 4 7 3 3 2 16
5 1 3 8 4 3 4 5 13 2 18 4 2 3 3 10 4 7 2 18 5 1 16 2 13 4 9 5 13 3 20 1 1 14
7 5 1 14 2 2 4 12 3 3 5 3 4 3 11 2 6 1 12 4 7 1 1 17 2 1 19 5 13 2 3 6 1 11 5 2 14 1 7 5 7 4 13 3 20 1 4 14
8 1 5 5 4 4 9 5 20 2 3 1 13 3 3 11 4 19 1 9 2 4 19 5 2 5 5 4 1 10 2 11 3 5 4 14 1 2 13 3 4 12 5 8 1 13 3 5 7 1 11 2 13
5 5 3 17 2 8 5 15 4 17 1 18 4 3 19 5 9 1 12 4 20 3 4 10 1 5 3 5 5 4 14 2 2 5 3 3 15 1 7 1 3 15