10 5
6 4 3 16 4 12 2 17 5 20 2 5 4 3 2 2 1 5 2 7 1 2 4 2 4 18 1 6 4 4 5 5 2 1 3 3 12
4 5 1 6 2 6 4 2 5 20 3 15 3 5 4 2 12 1 8 4 5 10 3 19 1 17 2 7 5 5 2 1 16 4 11 2 15 3 12
8 4 1 6 4 9 5 6 3 7 4 1 17 5 19 2 17 4 8 3 3 3 1 8 5 5 3 2 5 3 2 4 13 4 4 12 3 7 2 17 1 17 4 1 17 4 19 5 14 3 18 1 5 10 2 2 18 1 2
8 2 3 13 2 12 5 3 19 4 13 1 15 5 18 2 15 2 5 17 3 20 1 1 12 4 3 20 4 3 2 3 5 19 1 3 18 2 3 20 4 8 5 5 15 2 13 1 14 3 13 4 2
4 1 2 19 3 3 9 4 5 2 10 1 4 10 2 1 10 2 10
7 5 2 4 1 2 4 11 5 11 3 14 1 3 8 2 3 4 2 12 5 5 4 4 13 2 19 3 2 1 14 5 4 11 2 4 5 16 1 3 3 3 2 4 2 2 19 5 2 19 5 2 4 7 3 4 1 18
5 1 1 17 1 1 12 5 3 12 1 15 2 8 4 18 5 8 4 2 2 4 7 3 2 1 6 1 2 6
8 1 1 7 3 1 8 4 2 2 5 4 5 4 4 10 3 14 2 7 5 1 5 4 8 5 2 2 15 3 14 3 1 7 2 3 5 20 2 2 13 3 7 5 1 7 4 16 3 15 2 7 5 13 2 2 6 5 13
8 4 5 6 4 17 2 2 3 16 5 3 7 5 20 4 20 2 2 1 18 4 2 17 3 4 5 4 4 10 3 3 10 2 20 5 4 4 1 8 4 8 3 16 2 16 3 2 2 3 16 5 19 3 2 14 5 14 1 12 1 5 19
7 5 1 5 5 15 4 17 2 5 3 17 5 2 2 5 20 4 2 3 9 1 16 4 2 16 3 20 5 16 1 11 1 4 4 2 2 12 4 9 3 3 15 2 10 5 20 1 4 6