10 5
6 2 1 8 4 8 3 5 15 3 13 2 13 5 5 9 4 17 3 19 2 8 1 18 5 3 16 1 11 4 2 5 3 2 7 5 4 2 2 5 5 6 3 13 1 8 2 1 20 4 8
4 2 3 11 4 15 3 5 11 3 12 1 5 5 5 19 3 7 1 11 4 18 2 17 4 5 5 4 16 1 3 3 12
5 3 1 4 4 12 5 19 5 4 16 2 14 5 6 3 15 1 15 5 4 4 5 3 2 8 3 8 1 12 3 2 20 4 3 3 17 5 5 3 3 16 1 19 4 14 2 17
5 5 3 12 4 9 5 2 2 4 1 4 5 1 5 3 8 2 6 5 18 4 4 2 1 16 4 5 4 1 13 2 14 5 6 3 8 3 4 19 5 16 2 11
5 4 4 3 2 12 3 9 1 17 3 5 4 2 4 4 6 4 3 20 2 4 5 8 1 9 1 5 2 3 4 7 3 9 2 9
8 2 2 15 4 18 5 3 12 5 9 4 19 2 18 1 12 1 5 9 4 4 11 1 4 5 14 3 12 3 5 4 3 4 1 10 4 5 3 1 17 4 7 3 7 3 5 12 1 13 4 12 4 3 6 1 20 5 15 2 13
7 3 1 5 3 12 5 4 2 4 16 5 18 4 5 9 4 9 3 20 1 3 4 5 9 4 14 2 11 1 9 3 5 18 3 13 1 9 4 5 20 2 10 4 7 1 8 5 2 4 5 17 3 14 4 15 1 17
6 5 4 17 3 2 2 11 5 2 1 12 4 1 19 2 10 3 6 5 12 5 3 5 2 9 5 4 1 7 4 5 2 1 20 2 6 3 1 18 4 17 3 16 4 4 16 5 15 2 11 3 17
7 1 2 5 1 3 8 1 4 19 1 1 14 3 1 13 5 13 2 18 4 2 18 1 14 3 9 4 6 3 3 10 4 3 2 14
6 2 3 4 1 5 1 4 5 2 4 3 2 11 2 5 5 3 10 5 5 9 3 8 1 2 4 9 2 6 3 5 10 1 2 2 15