10 5
6 5 2 17 4 19 3 9 5 12 1 10 4 1 9 5 20 3 17 4 10 2 1 9 2 10 5 5 15 1 9 3 2 4 14 2 19 3 5 17 1 14 3 14 5 4 19 1 13 2 4 5 9 3 10
8 5 5 10 1 9 2 8 3 18 4 20 2 1 8 2 2 5 2 16 1 8 5 3 4 5 3 16 5 2 14 5 14 3 8 4 12 1 8 3 3 18 1 16 5 4 5 2 12 3 3 4 9 1 15 5 10 3 3 18 2 13 5 10 5 4 17 3 8 5 9 2 4 1 9
4 5 3 12 2 10 1 9 5 4 4 14 1 3 3 5 2 16 4 10 5 9 1 8 3 15 2 2 2 4 8
4 2 3 19 5 7 1 3 7 3 4 7 1 17 5 13 1 1 6
8 2 1 3 4 2 3 2 20 1 9 3 2 2 1 4 5 3 5 5 10 2 20 4 5 3 7 1 9 5 2 5 3 18 4 19 1 7 5 7 2 5 17 1 8 4 4 2 3 17 1 8 5 4 4 2 11 5 13 4 14 3 17
8 4 1 3 3 11 2 10 5 13 4 2 10 3 6 5 4 1 11 2 1 10 4 7 3 3 20 1 2 4 5 5 3 3 4 20 2 16 1 3 5 11 4 3 4 4 11 1 2 5 3 1 1 15 5 3 11 4 10 2 9 5 14 1 19
4 5 1 2 3 5 4 17 2 12 5 13 5 1 6 5 19 3 7 4 5 2 5 5 2 9 4 18 5 4 3 7 1 18 1 4 14
8 4 4 2 1 19 5 8 3 3 5 1 9 2 20 3 7 5 6 4 6 3 3 20 4 8 2 7 2 1 18 2 13 3 2 3 4 20 3 15 5 3 13 4 14 2 3 1 15 5 20 2 4 14 5 8 3 3 10 4 6 5 4
4 3 4 8 3 17 5 2 2 3 12 5 2 3 1 7 3 8 2 16 2 5 5 1 16
6 4 3 19 1 20 4 6 5 3 5 5 14 3 3 4 7 1 17 2 10 3 3 14 2 4 1 19 1 2 18 5 4 18 1 11 5 17 3 11 2 13 4 1 15 5 5 2 13 3 7