10 5
5 3 5 13 4 12 3 8 2 2 14 5 11 5 4 8 5 20 3 14 1 2 2 12 5 2 15 4 14 3 12 5 10 1 16 3 4 10 5 4 2 16
7 1 3 7 4 2 15 4 18 5 16 1 17 2 5 19 4 4 4 1 15 3 18 5 9 2 15 5 4 19 1 8 2 7 5 10 3 7 5 2 14 3 10 4 20 1 6 5 5 1 3 13
8 3 1 9 3 2 2 13 1 5 18 4 1 2 2 12 4 15 5 5 4 4 20 1 19 5 3 3 14 5 2 10 5 14 3 14 4 2 1 17 1 4 8 3 4 20 5 4 2 14 3 3 14 2 5 5 6
6 4 4 15 3 18 5 19 2 15 4 3 19 2 5 4 20 5 7 4 4 19 3 20 2 11 5 6 2 2 14 1 15 2 5 20 4 14 4 1 9 2 7 5 4 4 20
6 4 3 9 5 7 1 11 4 10 3 1 12 2 13 3 4 4 3 15 4 5 5 16 2 14 5 3 9 1 9 4 11 5 10 2 5 4 5 5 2 3 3 12 1 3 2 2 19 1 9
4 3 5 4 3 20 1 7 3 1 10 2 17 5 11 2 1 3 4 2 2 3 15 2 13
6 1 5 9 3 3 2 1 9 2 2 3 3 5 5 6 1 12 4 3 2 5 9 1 13 4 8 3 1 16 5 12 4 4 2 5 11 1 15
5 1 5 18 1 5 11 2 5 11 3 4 2 5 6 3 6 3 3 19 1 8 5 19
7 2 2 11 5 11 4 2 11 5 15 1 15 4 5 5 5 14 2 18 1 2 4 6 3 13 2 5 7 2 2 4 4 8 3 10 1 16 5 11 5 1 18 3 12 4 8 2 10 5 15 3 4 7 1 14 3 13
5 3 2 14 5 3 4 17 4 3 19 2 11 5 7 1 11 3 4 13 5 8 2 5 5 5 6 3 4 2 6 4 19 1 10 5 3 2 2 15 4 2 5 6 1 12