10 5
8 5 4 16 1 3 2 6 5 2 3 12 2 2 9 4 8 4 3 4 1 14 4 6 2 9 3 5 20 4 5 3 4 2 2 11 3 3 5 3 8 4 19 5 9 1 18 2 4 2 1 12 3 9 2 1 3 2 8
8 3 5 17 2 8 4 17 3 5 11 2 3 3 5 1 3 6 3 5 15 3 3 4 20 5 5 5 1 18 2 11 4 16 3 11 1 4 4 3 4 3 1 12 2 7 3 3 16 1 20 2 14
4 1 3 6 4 4 19 2 13 1 7 5 5 2 5 16 2 11 1 3 10
6 4 4 9 1 19 3 7 2 15 2 5 18 1 12 2 5 2 2 5 4 2 15 4 2 3 18 5 9 2 4 17 1 4 3 1 6 4 4 3 8
4 4 5 14 1 20 2 20 3 7 5 3 5 5 15 1 8 4 8 2 9 4 2 14 5 14 1 15 3 3 3 2 14 5 17 3 2
6 3 2 19 3 12 1 16 1 1 20 2 3 6 4 2 4 2 12 4 9 1 6 5 14 1 5 18 2 1 8 5 9
7 4 2 2 3 7 1 7 5 13 4 5 9 2 14 4 16 3 6 3 1 9 4 13 2 11 4 1 5 5 15 3 15 2 8 4 4 7 2 12 5 3 3 7 1 3 19 1 1 6
6 1 4 8 5 3 5 2 11 1 3 4 3 5 15 4 2 13 1 6 3 11 4 17 5 4 8 1 11 5 10 3 8 2 19 2 1 13 3 4 4 3 6 5 2 2 6 1 20
5 2 2 20 4 19 3 3 8 2 14 1 17 1 4 3 5 2 13 3 12 4 3 5 12 1 11 2 5 3 4 16
7 2 5 8 2 17 1 4 7 1 3 2 4 1 15 5 10 2 10 3 17 2 5 15 2 19 5 5 16 1 6 2 18 4 15 3 7 3 4 13 3 18 5 14