10 5
8 1 2 14 1 5 4 3 3 3 5 10 4 11 4 2 18 1 20 3 18 5 10 5 4 20 2 19 1 2 3 19 5 4 1 1 12 2 3 8 2 14 4 1 17 2 6 3 16 5 7
7 1 3 8 5 4 5 2 17 1 19 5 12 3 10 2 4 14 3 8 1 5 15 1 1 18 1 4 2 2 2 12 4 3
5 3 5 13 4 19 1 13 3 4 12 3 15 1 6 2 1 20 5 4 3 1 9 2 9 4 17 5 1 5 5 3 4 11 2 6 3 2
5 4 1 5 3 14 2 11 4 17 1 1 2 3 5 4 3 9 1 13 4 1 16 5 2 2 16 3 17 3 2 8 4 11 5 6
5 4 4 4 2 3 1 6 3 12 5 5 20 1 4 2 14 4 3 3 10 5 1 7 4 6 5 19 3 9 2 11 1 3 15 1 2 6
5 2 5 7 3 5 1 1 11 5 5 16 3 6 1 16 2 20 4 2 1 4 6 4 4 13 1 18 3 4 5 14
6 3 4 16 1 16 5 11 3 3 18 5 5 4 12 3 1 4 3 14 4 6 4 5 7 3 2 4 20 1 15 3 2 12 4 17 5 5 4 5 11 3 13 2 5 4 17
7 5 5 8 2 6 4 11 1 10 3 16 2 3 20 5 5 3 4 3 3 16 1 4 2 1 2 3 9 4 4 14 3 4 1 17 5 20 4 4 13 3 13 1 15 2 19 3 1 10 2 4 5 4
4 1 1 13 1 2 17 1 5 10 2 1 10 5 13
4 4 4 9 3 19 2 13 5 8 5 5 18 4 18 2 8 1 9 3 15 5 3 17 5 10 1 7 4 7 2 6 5 5 16 3 4 1 8 2 18 4 6