10 5
6 4 3 10 2 20 5 13 4 4 3 4 7 1 17 5 7 2 4 13 2 9 1 4 9 4 4 18 1 5 5 9 2 14 4 4 8 5 15 3 18 1 4
7 1 1 16 5 5 8 2 10 3 5 4 13 1 4 3 5 10 3 3 1 19 5 2 10 5 11 3 3 1 3 4 11 4 2 19 5 14 3 16 1 12 2 4 17 5 18 2 5 20 2 19
4 1 5 5 5 1 17 5 6 3 12 4 14 2 20 5 5 19 1 3 4 3 2 12 3 12 2 2 9 4 17
7 2 3 7 2 18 2 3 10 1 11 3 4 15 1 12 5 13 4 1 3 4 19 5 18 3 5 4 2 20 3 18 1 10 4 5 2 4 11 1 12 1 2 4
6 3 3 16 1 9 2 6 3 4 11 5 13 1 19 2 5 7 3 8 2 5 3 3 19 2 3 16 4 9 2 3 6 2 14
5 3 2 9 5 10 4 9 1 5 10 1 4 12 1 3 8 5 2 9 3 2 4 3 5 4 1 4
4 2 4 17 5 17 4 4 3 5 3 1 10 2 18 3 3 9 2 4 4 20 5 2 16 3 20 5 2 4 15 1 12
5 3 1 7 2 19 5 7 4 4 11 2 15 5 7 1 14 3 4 11 5 16 3 17 2 5 5 4 11 4 1 4 2 16 5 12 4 20
8 3 5 12 1 8 4 16 4 4 2 5 7 3 13 1 16 3 2 3 4 17 5 2 3 5 6 1 9 2 18 1 2 6 4 2 12 5 19 4 12 3 11 2 5 19 4 5 2 4 11 1 15
6 1 5 8 5 3 16 5 19 4 20 1 4 2 15 4 3 19 4 9 1 12 5 7 2 4 5 2 10 4 4 3 2 12 5 20 1 7 2 1 16 3 9