10 5
4 2 2 4 4 5 5 3 4 4 2 5 6 2 9 1 2 4 5 13 3 18 4 8 1 6 4 2 9 4 13 5 8 1 15
8 5 1 19 4 12 2 13 3 9 5 11 4 4 18 1 19 5 9 2 15 4 2 19 4 12 5 2 1 12 5 3 11 1 8 4 3 2 7 5 10 5 3 7 2 10 5 16 4 7 1 11 3 3 6 4 13 5 9 4 3 3 1 9 2 4 4 15 2 1 17 3 8
6 4 5 20 3 14 4 5 2 6 3 4 11 5 3 1 15 1 2 19 3 3 13 4 18 1 12 4 1 19 3 8 2 3 5 15 3 3 20 4 14 2 17
8 2 4 14 5 9 3 2 20 4 6 3 15 1 1 5 4 4 4 3 3 5 8 1 11 3 2 17 5 13 1 10 5 3 12 5 10 2 14 4 14 1 13 4 4 10 1 15 3 17 2 11 1 3 3
5 3 4 10 2 10 1 10 5 4 5 3 19 1 14 5 4 2 10 1 1 17 2 3 17 5 16 1 2 8
6 5 2 15 1 19 3 6 5 2 4 8 3 4 20 3 16 5 18 3 5 13 1 18 3 16 3 5 18 4 20 3 10 3 2 19 3 18 4 10 4 5 16 3 2 2 5 4 16
6 1 4 8 4 2 2 1 2 5 18 4 3 1 2 11 4 1 7 4 7 3 20 2 11 5 1 14 5 3 3 12 2 17 4 9 3 2 17 1 10 4 8
5 1 1 8 4 4 9 2 4 5 3 1 20 3 5 3 1 18 2 20 4 1 14 3 9 2 5 4 6 3 5 11 4 7 1 14
7 1 3 17 4 3 2 4 20 1 12 5 19 5 3 12 5 4 4 7 1 3 2 5 5 3 11 5 3 4 8 1 2 2 7 4 3 8 4 9 5 14 2 19 4 2 13 5 15 4 3 3 9 3 2 20 3 8 5 10
6 5 5 9 4 16 2 16 3 4 1 17 4 1 15 4 7 2 19 3 14 5 5 11 1 10 3 7 2 10 4 5 2 2 7 3 14 5 2 6 1 5 5 4 3 20 4 16 3 1 11 3 7 2 9