10 5
6 2 4 2 5 8 4 4 7 1 16 5 5 2 10 5 4 14 1 8 5 2 3 15 2 13 4 1 19 5 4 2 16 4 14 3 5 6 1 15 2 5 2 1 6 3 9
8 4 5 4 1 15 3 8 2 19 2 1 15 4 12 3 5 11 2 13 3 4 3 4 16 5 16 2 4 2 2 12 4 18 5 3 19 2 3 4 16 1 12 5 17 4 1 20 3 6 5 13 4 9 1 5 3
5 3 1 20 2 2 5 4 1 4 2 4 4 14 5 3 2 8 1 19 4 3 16 5 15 2 17 1 6 1 1 18
8 1 2 7 5 4 20 5 20 1 16 3 3 2 11 2 3 11 1 13 1 3 15 3 5 12 1 16 4 15 1 4 6 3 2 8 3 11 4 3 1 3 13
8 1 5 19 1 2 11 1 3 16 1 2 7 4 1 16 2 20 3 15 4 2 4 1 13 2 6 5 4 4 14 2 3 13 1 3 1 4 6
8 3 4 5 3 8 5 17 3 1 13 5 4 4 19 4 5 6 2 13 1 14 3 17 4 3 18 1 16 4 16 5 10 5 5 18 4 19 2 16 3 7 1 2 5 1 12 5 19 3 5 2 20 4 2 2 4 20 2 7 1 3 19
5 5 5 12 4 7 3 2 1 2 2 9 5 2 18 3 6 5 16 4 20 1 20 5 5 7 3 18 1 11 2 15 4 4 1 1 12 2 1 6 4 9
7 1 5 2 4 3 15 2 11 5 14 1 8 3 5 13 2 11 4 7 5 2 18 5 8 3 15 4 18 1 5 2 1 13 2 6 2 4 17 2 5 3 2 14 3 2 4 18
5 5 2 6 1 13 3 3 4 15 5 5 3 1 19 5 13 4 6 5 5 18 2 10 4 6 3 16 1 12 1 2 11 1 1 19
5 2 2 11 3 6 2 3 13 2 10 2 4 16 2 15 1 5 7 2 5 8 3 7