10 5
7 5 2 15 3 2 4 13 1 9 5 12 1 3 11 4 3 7 5 11 1 3 2 14 5 1 14 5 10 2 16 3 8 4 8 1 3 2 5 2 11 3 5 4 9 5 3 1 5 3 5 13 4 5 3 8
4 5 4 9 2 15 5 10 3 18 1 13 3 2 15 1 14 3 19 1 5 12 3 2 9 3 8 4 17
5 4 2 19 4 6 3 18 1 14 2 4 20 2 12 2 4 20 5 16 2 1 7 3 4 2 5 18 3 12
8 1 1 15 5 5 9 3 8 4 14 2 8 1 4 4 3 16 4 18 2 8 5 7 3 1 7 3 11 2 16 2 2 9 1 12 1 5 14 2 3 2 2 8 5 2 16 5 4 1 7 4 15 3 2
4 2 1 8 4 11 5 2 8 3 7 5 4 1 15 4 16 4 1 3 3 3 4 11 2 11 3 5 13 4 13 3 9
4 4 1 17 2 6 5 14 3 7 4 4 7 3 14 5 15 1 17 5 5 19 3 13 1 18 2 14 4 12 3 5 16 2 14 3 8
5 1 4 2 5 5 5 2 7 3 6 1 15 4 2 2 3 18 4 14 5 1 15 4 11 3 15 2 8 5 18 4 1 9 4 4 2 14 3 17
8 2 1 13 3 20 2 5 10 4 20 3 4 15 2 6 3 11 2 1 17 3 6 3 5 10 4 3 1 2 5 5 15 1 6 4 17 3 12 2 2 5 5 12 4 3 3 8 2 16 1 7 3 4 17 2 7 3 3
8 2 2 17 3 3 3 2 7 4 19 5 5 4 4 14 2 13 3 18 1 6 3 5 19 1 12 4 14 3 4 9 1 13 5 8 1 1 15 2 5 13 4 20 2 4 12 1 14
8 1 3 2 3 2 11 4 7 5 6 5 4 11 1 20 5 15 3 7 2 12 4 5 4 1 3 2 10 4 12 2 2 18 3 8 4 3 15 5 20 1 8 4 2 1 3 17 5 4 7 5 15 2 8 1 17 3 3