10 5
8 3 1 10 2 17 4 2 2 4 17 1 19 4 5 8 1 2 4 13 2 19 1 2 16 2 4 4 2 17 5 1 9 2 13 5 14 4 18 3 2 4 4 7 5 19 2 5 1 20 3 2 17 3 6 5 16
5 3 2 17 1 14 4 12 2 2 12 3 4 4 5 4 2 11 3 8 1 13 4 5 13 3 14 4 17 1 10 3 5 15 1 17 3 19
7 2 3 8 5 10 2 4 17 3 14 4 4 14 1 17 5 2 3 6 2 2 8 4 14 3 4 12 2 7 3 14 4 5 19 4 5 3 3 1 4 4 2 15 5 19 4 4 1 13
8 2 5 6 1 14 5 3 13 2 2 4 16 1 3 5 3 1 3 8 2 4 8 1 20 4 4 19 5 10 1 18 3 6 2 5 7 2 15 5 4 11 5 20 2 8 3 14 1 10 4 1 2 2 18 5 6 3 17
8 1 4 3 3 2 4 3 15 1 18 2 3 14 1 9 5 2 20 5 2 4 16 3 14 1 10 4 5 10 1 2 3 15 2 4 4 3 19 2 8 5 20 1 7 4 1 9 3 17 5 17 4 18 1 4 19
4 1 2 10 2 3 14 1 15 3 3 2 5 19 2 16 4 5 5 2 8 1 9 4 13
8 2 5 5 1 13 2 5 9 3 3 4 2 8 1 19 5 20 4 17 3 2 13 1 13 3 10 2 5 5 3 7 4 2 17 5 14 4 11 1 8 5 1 4 2 10 3 13 5 8 4 5 4 5 6 1 16 3 12 4 11
6 5 1 14 2 5 3 5 5 5 4 5 3 5 3 2 10 1 16 1 4 3 4 1 4 5 8 2 15 3 3 4 4 19 2 18 3 5 1 18 3 4 19 3 16 2 3
4 3 4 6 2 15 3 11 3 3 5 4 4 2 19 3 2 6 1 19 3 8 3 2 11 4 11 5 14
8 1 3 20 3 4 13 3 15 1 10 2 2 10 5 2 2 4 2 5 10 4 2 13 1 17 4 19 3 6 2 3 11 1 7 1 4 10 3 2 20 1 19 3 20