10 5
4 3 4 15 2 11 5 3 5 3 8 2 18 5 20 1 8 4 2 2 3 2 4 5 2 2 11 4 8
5 4 5 16 3 12 4 6 2 11 1 5 15 4 1 11 2 14 4 13 5 8 3 3 12 5 13 2 10 4 4 19 1 7 3 9 2 19
8 1 5 13 1 1 8 4 4 7 5 4 2 11 3 19 1 2 15 2 5 4 3 7 5 1 8 4 12 5 11 2 2 3 20 3 4 5 2 13 1 12 4 2 16 4 3 3 9 1 11
5 3 3 9 5 14 2 5 4 3 4 1 15 2 8 4 15 5 5 6 3 14 4 18 2 20 1 11 4 2 14 4 18 3 19 5 11 5 5 7 3 9 4 19 1 5 2 9
6 1 2 19 4 3 15 4 4 5 19 1 12 5 3 4 1 14 5 16 4 4 2 20 5 5 10 1 7 2 18 3 6 4 2 5 1 17 2 16 3 12 5 8 4 9 3 2 4 1 16 5 17
7 2 1 4 2 4 1 5 8 4 2 18 3 20 4 2 5 14 1 1 16 5 5 4 2 8 3 19 1 16 4 14 1 2 7 4 2 12 3 19 4 4 1 12
5 4 4 4 3 6 5 20 1 7 1 3 3 5 5 8 4 16 3 3 1 3 2 10 3 2 3 3 9 5 11 3 2 2 5 8 3 15
4 4 5 8 4 7 3 16 2 10 3 5 3 4 3 2 3 5 5 19 2 4 1 12 4 9 3 9 5 5 19 4 4 3 16 1 8 2 17
7 1 1 5 3 1 13 5 19 2 8 3 5 8 2 8 3 20 2 1 19 5 5 4 3 18 2 4 5 9 1 12 3 1 20 5 15 2 8 2 5 6 3 5
6 1 2 10 3 5 16 1 8 2 3 4 2 2 3 11 1 10 4 17 3 2 16 5 13 4 14 3 2 11 3 17 1 12 4 1 20 5 16 3 19 2 3