10 5
5 5 2 3 4 11 1 14 3 10 5 20 3 4 12 5 7 3 6 2 2 4 1 12 1 2 18 4 3 14 2 15 1 2 4 10
4 5 1 11 2 18 3 10 4 17 5 18 5 4 12 2 18 5 2 3 9 1 17 5 4 12 5 3 3 16 2 13 1 5 3 3 4 5 16 4 10
7 2 1 4 2 3 1 3 5 1 3 2 2 5 18 3 10 3 2 9 4 14 3 4 2 1 16 5 3 4 2 16 4 18 3 7 1 8
7 3 5 9 1 14 2 7 4 5 2 1 3 3 14 4 6 3 3 4 2 3 4 10 3 2 14 1 19 4 20 5 1 12 4 10 3 16 2 10 5 15 2 3 20 1 18 5 2 10 4 16 3 7 5 15 1 13
7 2 5 9 2 7 5 2 7 4 4 1 18 3 20 5 15 5 1 8 5 15 4 6 2 18 3 6 1 4 10 4 5 10 1 15 2 18 4 17 1 1 12 3 1 19 5 18 4 15
8 4 5 2 3 16 1 6 2 3 4 5 5 3 10 4 19 1 14 4 2 4 4 4 1 9 5 10 5 4 10 5 8 1 9 3 7 2 18 3 5 3 3 9 2 11 4 5 7 4 18 1 19 2 7 1 5 11 1 5 15
4 1 4 13 2 5 7 3 3 1 4 7 3 3 18 4 15 2 19
5 5 1 13 3 2 4 10 5 3 2 16 3 3 11 1 3 4 2 3 4 15 2 18 3 19 3 4 9 1 20 3 13 4 1 9 3 9 2 16 4 12
6 2 4 15 5 20 2 5 3 1 18 1 4 8 2 4 10 2 13 5 1 13 5 9 2 3 4 9 3 19 2 2 17 1 18
8 3 3 5 4 14 1 4 1 3 13 4 2 11 5 16 1 16 4 5 5 2 14 5 19 1 16 4 11 3 17 4 2 8 3 11 5 13 1 19 1 1 5 5 5 12 3 3 4 18 2 12 1 5 5 3 18 5 20 2 10 4 7 1 8