10 5
8 5 1 18 3 13 5 3 4 5 2 5 3 2 15 5 18 3 20 5 4 11 1 16 5 15 2 20 3 17 5 5 20 1 6 4 19 2 10 3 2 4 5 10 1 5 3 15 4 7 2 4 7 5 17 2 4 16 2 7 5 5 8 2 9 4 17 3 20 1 6
5 1 3 6 4 3 9 1 20 4 14 5 2 4 5 7 3 15 4 13 1 15 2 1 5 5 16 3 1 10 3 17 5 20
8 5 2 19 5 4 4 4 1 19 3 10 5 1 12 3 18 4 18 5 14 2 12 5 5 8 4 2 1 4 2 13 3 2 1 4 11 2 1 13 2 15 3 4 12 1 14 3 15 3 3 20 1 10 5 11 1 4 11
7 3 4 9 1 19 2 7 3 2 6 3 6 5 3 4 5 7 3 17 2 12 4 19 4 3 3 2 10 5 17 1 19 3 1 7 2 13 4 6 5 1 19 4 14 5 4 3 15 2 20 5 1 3 4 4 3 9 2 10 5 10
4 3 2 20 4 16 1 8 2 5 13 4 7 4 4 12 1 18 2 4 5 5 3 1 4 5 18 3 7
6 5 1 7 2 15 3 2 5 19 4 19 4 5 5 1 9 3 17 2 15 1 3 10 2 1 3 5 14 1 5 13 5 1 5 5 5 2 14 4 17 3 17
5 4 3 13 2 4 1 19 5 3 2 4 12 5 10 5 5 10 3 15 1 17 4 7 2 6 2 2 5 4 7 3 1 8 3 10 4 9
6 1 5 13 3 5 3 2 9 4 17 2 5 2 2 17 3 1 8 4 6 2 20 3 4 13 1 19 5 16 3 3 19 2 10 4 8
7 1 5 4 4 4 13 2 13 3 9 1 12 3 2 7 5 17 4 2 3 5 14 3 5 4 5 3 4 9 2 7 5 7 3 1 15 4 14 5 15 2 2 18 4 14
8 1 5 11 5 2 9 3 13 5 3 1 17 4 18 4 3 19 5 12 2 3 1 7 1 4 18 2 1 4 2 18 3 4 9 2 5 5 10 1 1 14 5 4 11 2 13 1 11 3 5 5 15