10 5
6 4 3 5 1 17 4 16 5 6 1 2 12 2 5 18 4 16 3 2 16 4 14 5 19 2 5 8 2 7 5 4 20 5 12 1 14 2 8 3 17
4 4 5 15 2 9 4 2 3 3 1 5 12 1 5 12 3 3 8 5 4 1 18
5 2 4 18 1 11 2 2 2 3 12 1 1 7 1 1 19 3 1 19 5 4 3 11
6 2 1 11 3 19 5 2 3 1 2 5 14 3 7 4 14 4 5 20 2 15 1 18 4 19 2 4 3 2 16 4 1 18 4 11 3 12 5 14 5 1 15 4 15 5 2 2 13 3 4
6 3 1 11 3 2 2 17 3 2 7 3 15 4 14 2 3 15 4 17 2 1 5 4 19 3 2 3 1 7 3 15 2 5 16 1 20
6 1 4 10 4 1 5 2 4 4 18 3 4 4 4 16 5 10 2 9 3 11 4 1 9 4 18 3 15 5 18 5 2 4 5 3 1 14 3 4 4 6 5 1 15 3 16 5 20 2 20 4 5
5 3 2 18 3 14 4 10 2 5 10 4 18 3 1 5 4 18 2 15 1 1 2 3 5 14 2 13 1 15
5 3 1 18 3 3 5 17 3 3 15 1 3 4 16 2 1 6 2 6 1 4 8 1 1 6
5 1 4 12 5 2 12 3 20 4 16 5 11 1 15 1 4 3 2 5 8 3 15 3 3 17 4 19 5 17
8 4 3 20 4 5 1 7 5 11 5 4 12 2 2 3 20 1 12 5 14 2 3 8 4 7 2 4 11 3 8 1 5 14 4 5 11 2 2 4 8 1 17 3 5 7 2 2 3 18 3 2 14 4 8 1 4