10 5
8 5 1 12 4 6 2 16 3 14 5 2 2 4 14 1 3 1 3 17 1 1 18 3 5 8 1 16 2 13 4 5 8 1 2 2 12 3 4 1 4 17 1 1 5
5 5 4 4 1 8 5 10 3 11 2 7 4 3 10 2 14 4 14 5 17 1 1 2 4 4 14 1 19 2 20 5 4 5 5 7 3 15 2 19 4 13 1 8
4 3 1 8 2 3 3 18 5 2 6 3 12 4 6 1 7 5 2 1 5 3 2 4 14 2 9
6 3 1 17 2 12 4 13 5 5 20 4 12 2 6 3 9 1 5 1 4 12 4 2 20 1 17 5 18 3 20 1 4 3 5 3 7 1 12 2 2 5 14 4 17
7 3 5 9 2 3 3 13 5 5 19 1 16 2 4 4 3 3 13 4 5 3 3 10 2 18 1 12 1 3 14 1 2 19 1 5 3 2 3 15 5 7
6 3 1 8 4 6 2 20 2 3 9 1 4 2 4 5 5 14 2 3 8 2 11 4 4 15 1 8 5 17 2 3 1 5 7
7 4 5 13 4 12 2 9 3 19 4 3 17 1 7 5 3 2 9 2 2 10 1 4 1 5 11 5 5 7 3 2 4 8 1 13 2 8 3 4 8 1 9 2 5 5 5 14 2 13 3 2 1 16 4 16
8 2 3 18 2 15 5 2 19 4 20 3 16 1 13 5 16 3 3 13 4 15 5 6 4 2 14 1 16 5 4 4 10 5 2 10 3 20 1 9 5 12 4 20 5 1 9 5 20 3 2 4 7 2 4 5 1 6 5 17 3 3 4 11 2 20 4 4 11 3 15 5 20 1 12
5 3 1 18 4 18 5 12 3 5 10 3 11 2 14 5 2 6 3 15 5 17 1 17 4 3 1 1 4 5 5 6 4 5 1 2 2 12 3 7
4 1 4 3 4 1 13 2 17 3 5 5 4 2 5 2 3 16 5 2 6 4 16 1 4 5 5 3 13