10 5
5 1 3 15 1 4 19 2 5 19 3 17 1 4 11 5 1 7 2 9 3 15 5 20 4 12
5 2 3 12 2 5 3 1 12 2 4 5 16 5 2 7 1 6 4 16 5 13 3 20 3 1 15 3 8 2 14 3 1 16 2 14 3 20
7 3 1 9 2 14 5 6 3 4 6 5 18 2 14 1 3 11 1 3 9 4 5 12 4 16 1 7 2 7 4 3 3 4 9 2 9 5 3 2 2 18 3 13
5 1 4 15 3 2 14 5 10 4 8 5 5 18 3 4 4 17 1 5 2 9 5 3 5 2 4 4 19 5 4 1 5 3 2 8 1 11 5 6
7 5 1 8 5 10 4 8 2 15 3 13 1 5 10 2 2 13 5 2 1 1 5 3 3 20 4 7 5 2 5 4 14 5 3 1 13 3 17 2 7 2 4 15 2 8
5 2 4 3 1 7 2 3 20 4 4 5 1 10 2 8 4 7 3 14 5 20 5 1 11 5 8 2 12 4 20 3 13 3 2 11 3 7 4 2
7 1 2 12 4 3 4 1 15 5 4 2 4 3 4 17 1 15 2 13 4 1 4 2 2 4 6 5 17 1 2 2 1 3 5 3 4 14 2 9 5 20
8 5 1 19 3 11 2 8 4 16 5 18 2 4 12 2 14 5 2 20 5 18 3 17 4 15 1 19 1 4 8 3 3 18 5 18 1 8 2 4 20 3 3 5 5 4 1 4 3 15 4 10 2 10 2 1 14 3 19
5 4 1 3 2 2 5 6 3 4 3 1 15 3 18 5 6 2 5 17 2 17 1 1 20 3 3 12 4 2 5 14
5 2 1 18 3 15 2 1 18 5 11 2 1 9 2 12 2 1 15 4 16 3 4 2 5 16 1 7