10 5
5 2 5 9 2 7 3 2 3 4 5 5 2 3 1 3 4 20 5 19 3 2 15 4 2 3 9 4 4 2 3 9 2 3 5 11
7 5 5 12 4 17 2 4 1 3 3 6 3 1 15 4 6 2 19 2 2 5 1 13 5 5 16 1 14 4 10 3 3 2 6 2 4 10 1 17 2 3 16 2 18 1 1 9
5 5 3 15 2 15 5 18 1 9 4 20 5 3 11 5 2 4 16 2 12 1 2 1 1 10 3 1 12 5 5 2 12 4 3 17 5 6 4 3 2 17
4 1 5 7 1 2 13 3 3 10 2 11 4 19 2 5 20 3 16
7 3 5 6 2 6 4 6 2 5 15 2 16 4 5 10 2 14 3 7 1 11 3 5 11 3 11 2 6 1 2 10 2 3 11 1 17 2 4 20 3 5
6 5 2 17 1 20 4 10 3 10 5 5 1 2 6 1 3 13 4 5 2 4 13 3 9 1 8 1 1 10 5 3 13 1 5 5 4 4 14 2 6
7 2 1 8 4 7 5 5 16 2 4 3 18 4 4 1 20 1 2 20 5 1 4 3 15 2 4 5 12 4 19 3 1 17 2 17 3 15 2 4 14 2 17 3 3 18 1 10 2 13
4 4 5 8 3 13 2 4 4 16 2 4 20 3 12 5 2 4 3 14 1 15 4 2 5 19 5 4 16 5 14 3 17 1 11 2 10
7 4 3 12 1 17 4 4 5 2 3 2 19 4 18 1 7 4 1 13 2 4 3 5 4 18 3 2 20 3 18 4 17 2 2 10 5 18 4 5 5 2 15 4 15 1 14 4 5 13 4 15 3 9 1 15
4 5 3 12 1 2 4 8 5 18 2 15 1 3 6 4 3 17 5 2 4 14 2 19 3 1 15 3 16 4 13