10 5
7 1 1 5 3 2 2 4 11 5 19 1 2 12 2 1 13 2 18 4 5 15 1 4 4 16 2 4 4 5 18 1 13 4 18 3 8 4 2 9 1 2 3 16 5 9
6 4 1 9 2 3 5 11 3 16 3 5 11 4 3 3 6 1 4 3 2 4 6 3 15 5 5 2 1 13 2 4 4 5 3 9 1 5 16
7 3 3 2 4 13 1 20 1 5 16 1 2 17 4 2 6 4 6 5 12 1 17 3 1 7 5 16 2 17 1 3 5 3 4 14 2 5 5 11
5 2 2 17 5 10 1 3 16 5 2 4 1 15 3 13 4 14 5 11 3 4 14 1 9 2 20 4 1 2 2 15 5 11 3 5
5 1 5 5 3 2 6 4 11 5 15 4 3 19 5 9 4 2 2 15 2 1 11 5 18 1 4 8
7 2 4 12 5 19 2 1 19 5 9 1 3 15 4 3 13 4 20 5 13 2 10 2 1 17 2 4 1 3 19 4 3 13 2 7 4 7 1 4
8 4 2 8 3 7 4 19 1 10 4 5 7 4 20 1 9 2 19 1 1 19 5 4 9 5 20 1 16 2 20 3 4 5 3 20 2 19 1 5 5 5 4 12 3 1 19 5 12 2 3 5 2 10 1 20 4 13 5 4 3 14 3 2 5 5 7 4 4
7 3 1 14 2 19 3 11 1 1 13 4 1 9 4 6 3 9 5 5 2 2 5 3 16 4 1 2 2 7 4 3 5 13 5 1 6 3 14 4 13 2 16 5 13 3 5 8 4 20 2 19
4 2 4 10 1 13 4 2 18 1 15 5 16 3 6 4 1 12 2 19 5 12 3 3 5 2 20 1 20 3 15 5 19 4 8
7 5 3 18 4 16 5 17 1 17 2 6 1 2 7 4 5 2 1 17 3 10 2 16 1 3 9 3 2 18 5 4 4 3 3 1 9 4 16 3 3 5 3 11 4 18 2 17 5 13 1 10