10 5
6 4 4 13 2 3 1 3 3 3 4 5 14 3 15 1 15 4 20 1 2 15 3 3 12 2 6 5 18 2 3 17 2 18 2 3 9 5 15
4 3 3 7 1 12 4 20 1 4 7 4 5 18 1 13 2 9 4 20 1 2 11
4 2 5 8 1 9 4 5 8 3 15 4 7 2 10 2 1 20 5 8 3 1 14 5 20 4 16
8 1 5 14 4 3 19 2 15 4 10 5 9 3 3 14 1 6 2 2 1 5 8 3 2 17 5 17 4 14 4 2 13 5 8 4 13 1 5 2 3 11 4 2 1 5 19
7 1 2 6 3 1 18 3 4 2 13 4 4 6 5 19 1 7 2 20 4 5 12 2 14 3 14 1 17 5 3 13 5 2 2 12 1 3 4 5 4 5 6 2 18 3 8 1 8 3 2 7 1 8 3 12
5 3 4 12 5 4 3 11 1 4 17 5 5 20 4 15 3 5 2 18 1 5 5 4 8 3 3 5 18 1 14 2 4 3 5 18 3 19 2 5
7 4 5 18 4 5 2 3 1 15 4 3 10 1 6 5 7 4 9 4 5 6 2 16 3 9 4 8 2 2 5 5 17 3 1 12 2 3 4 11 2 3 9 5 9 5 1 7 5 8 3 3 4 18 2 2
4 2 4 6 3 8 5 4 9 2 12 5 8 3 4 1 16 5 4 20 1 19 3 12 5 4 2 7 4 1 7 3 7 2 6 4 2
8 4 5 5 1 13 4 20 3 8 4 4 19 5 8 3 9 2 11 2 2 7 5 12 2 5 19 2 15 3 5 9 1 4 3 10 2 3 17 5 18 5 2 19 1 20 3 2 5 5 4 10 3 5 11 2 8 1 14
5 3 5 19 1 8 2 8 4 4 4 2 9 3 8 5 4 4 5 19 1 16 4 9 2 14 4 3 9 4 15 1 12 2 7 1 4 16