10 5
5 5 2 6 3 4 1 2 5 7 4 4 4 4 11 5 8 2 12 1 16 1 3 19 4 2 3 3 17 4 15 5 2 3 5 13 4 3 3 8
8 3 2 8 4 13 5 18 5 3 5 2 7 4 14 1 4 5 20 5 5 3 2 9 1 18 4 6 3 13 2 5 8 4 3 2 3 11 4 15 1 3 15 2 5 6 4 5 1 4 8
6 1 1 12 2 3 4 2 9 2 3 15 5 20 2 3 10 4 10 5 4 8 2 7 1 7 5 19 3 10 3 5 11 3 6 1 8
5 1 1 2 4 4 6 2 17 5 17 1 5 4 1 16 4 18 3 13 5 18 3 2 3 3 3 1 3 5 1 13 4 6 5 11 3 4 2 20
8 1 2 14 1 3 20 2 4 2 2 14 4 5 13 2 10 4 10 3 15 4 3 2 2 9 1 11 4 7 1 2 20 5 1 11 5 18 4 14 2 19 3 4 5 4 13 5 10 3 13 2 19 1 7
4 2 4 13 5 18 1 4 6 5 1 15 2 8 5 8 4 20 3 10 5 1 17 2 3 5 13 3 20 4 16
8 5 3 3 2 6 1 7 4 9 5 7 4 4 19 5 13 3 4 2 17 5 4 10 2 12 3 10 5 13 1 18 3 1 5 5 3 4 10 3 5 13 3 10 1 4 2 2 13 5 15 5 3 10 4 4 1 20 5 16 2 12 2 5 18 4 16
4 2 2 13 1 3 5 2 4 5 10 3 7 1 17 4 4 1 2 11 1 5 4
6 1 2 12 3 4 17 5 20 2 4 3 3 2 4 6 1 20 5 3 8 5 20 1 6 2 14 4 20 2 5 9 1 11 5 4 10 1 2 5 7 3 14 2 3
6 2 2 5 1 7 2 5 8 2 2 4 1 4 3 19 5 14 4 6 2 2 14 3 3 1 1 18 3 2 2 3 10 4 14