10 5
6 1 1 19 4 1 4 4 14 3 18 2 20 3 2 18 4 13 3 6 4 3 11 2 12 4 18 1 4 5 5 6 4 11 2 4 1 17 3 19 1 4 7
8 3 1 2 3 2 4 16 1 2 6 4 4 20 1 12 2 18 5 12 5 3 2 1 16 2 8 4 9 5 13 5 1 11 4 4 3 16 2 16 5 16 4 4 7 1 7 2 16 5 4 1 4 8 5 1 19 2 18 3 17 4 10 5 2
5 2 4 12 5 10 5 2 17 5 9 3 13 4 12 1 8 2 3 19 1 9 1 4 2 3 4 20 2 5 5 6
7 2 2 2 5 17 3 1 18 2 16 5 2 1 5 16 2 2 20 4 19 4 5 8 2 5 1 16 4 15 4 4 4 2 18 3 2 1 12 5 4 17 2 5 5 7 1 12 3 10
7 4 3 10 2 17 4 4 1 6 5 2 6 3 8 4 16 5 4 1 17 1 1 14 5 2 14 4 5 5 16 3 4 1 9 5 4 20 5 16 1 8 2 18 3 5 3 4 20 1 13 3 10 2 3 6 5 11
5 5 4 6 1 10 5 12 2 7 3 13 5 5 20 1 9 3 19 4 2 2 17 3 3 6 5 20 2 8 2 1 5 2 13 2 2 3 1 19
7 3 2 2 4 10 3 5 2 4 12 1 3 1 2 8 1 3 19 1 3 3 2 5 7 2 3 4 3 18 2 4 5 12 4 11
7 1 4 7 1 3 4 4 2 19 3 4 4 2 5 13 3 1 4 2 11 5 11 5 3 5 1 11 5 13 2 15 4 16 4 1 12 2 17 3 6 5 4 5 5 16 4 13 2 18 1 4 3 12
6 1 5 15 4 5 11 1 12 4 10 3 12 1 3 17 4 2 18 5 13 3 8 4 10 2 5 4 2 20 5 4 3 5 12 2 3 1 12 3 7
5 1 3 11 2 3 3 4 8 5 3 3 5 19 4 2 2 10 1 11 4 2 7 5 8 4 14 3 16 1 2 9