25 5
5 1 3 18 1 1 16 4 3 2 5 14 4 10 2 13 5 2 2 5 19 3 8 1 20 4 19 3 4 13 3 10 5 17
7 2 4 4 1 16 4 5 14 2 18 3 16 4 12 3 4 10 3 11 5 9 2 5 5 4 18 1 4 7 3 1 7 5 14 2 4 2 4 16 2 19
4 5 4 10 3 4 5 9 1 6 2 4 4 2 11 1 6 4 20 3 3 1 3 16 1 3 10
8 1 1 10 5 3 20 1 18 4 15 5 9 2 18 2 2 6 1 11 3 5 8 1 14 4 18 5 1 4 3 20 5 5 4 12 2 18 2 4 15 2 11 3 3 3 1 16 5 10 2 2 3 4 5
4 4 1 12 4 14 2 15 3 5 2 4 12 3 12 4 5 9 2 13 3 9 4 5 4 5 20 2 8 3 14 1 9
6 1 5 9 4 2 16 1 9 4 2 5 14 4 4 18 5 3 1 14 3 17 3 1 2 3 3 5 4 3 1 2 2 13 4 4 3 4 3 1 5 2 3
6 1 1 15 2 4 12 1 2 2 2 13 3 17 2 1 10 4 8 2 1 3 2 3 1 4 3
5 2 1 5 5 4 4 4 9 5 20 2 5 3 9 4 5 4 1 19 2 16 4 16 1 3 8 1 4 7
8 2 2 16 4 10 2 3 8 4 15 4 3 6 1 8 4 5 5 7 4 5 8 2 5 1 10 3 15 2 1 12 2 20 1 4 8 1 4 13 1 4 10
4 1 5 10 3 1 2 3 20 4 7 3 2 19 4 8 5 17 1 2 11
7 3 2 14 1 10 4 13 1 3 3 2 4 16 1 13 2 4 10 2 11 2 2 2 4 18 5 3 17 2 17 4 18 5 16 1 9 5 3 11 2 12 4 18 1 15 5 19
6 2 5 3 3 15 2 2 20 1 12 2 3 5 2 3 2 2 2 5 3 2 3 10 2 12 4 1 7 4 18 3 17 5 15
8 1 4 18 2 1 18 3 6 2 4 12 5 3 1 3 20 2 1 18 5 7 1 4 8 4 2 7 5 9 4 18 3 20 2 5 2 2 6
7 2 5 6 3 13 5 4 17 2 13 1 13 5 5 3 19 4 5 16 1 7 2 8 4 14 2 3 9 4 16 5 4 6 5 16 2 3 1 8 3 4 5 1 9 5 3 2 4 4 15 3 7 1 5 4
4 4 5 5 3 8 2 14 1 12 4 5 18 2 12 1 10 4 5 2 1 4 2 16 3 2 17 1 8 3 18
8 5 2 4 4 4 5 16 3 3 1 7 3 1 12 4 19 2 11 5 2 5 1 4 5 9 3 6 4 2 5 3 6 1 10 5 11 4 7 2 8 2 1 17 5 20 3 3 16 5 9 2 5 4 5 9 2 18 4 15 3 18 5 5 10 4 8 1 20 3 12 2 9
4 5 5 18 1 8 2 3 3 12 4 11 3 2 2 4 15 1 20 1 3 14 2 3 2 1 15
6 5 2 15 5 16 1 16 4 3 3 7 5 5 4 1 19 3 12 4 14 2 17 3 3 10 5 15 4 6 3 3 6 5 14 2 4 3 1 12 5 12 3 6 3 5 3 1 12 4 9
7 4 1 12 2 3 4 3 5 11 5 2 7 3 3 4 17 5 11 1 11 1 2 17 5 3 15 2 19 5 3 4 10 1 6 2 3 16 2 8 3 4 4 2 2 3 15 5 1 4 3 12 5 12 2 15 4 12
6 2 2 2 4 7 5 5 13 2 17 3 19 1 7 4 19 4 3 7 5 9 1 18 4 9 4 1 19 2 5 4 10 5 18 4 3 14 4 3 1 12 2 13 3 1 18 5 8 2 18
6 2 5 12 1 14 3 3 2 4 18 5 10 3 5 8 2 13 3 16 2 4 4 3 18 4 2 9 5 19 3 14 4 3 3 5 19 4 9 2 10
5 5 1 6 5 4 3 3 4 3 2 18 4 1 4 3 13 2 4 4 11 2 1 14 2 19 2 1 20 2 3 5 2 16 4 19 3 15 1 5 5 15
6 4 2 6 5 17 4 5 3 19 5 4 7 3 17 2 5 1 6 5 19 1 1 8 4 5 4 3 19 1 17 2 5 2 4 19 1 20 1 4 15
8 2 5 20 2 3 3 5 20 4 4 2 20 3 3 14 1 11 4 16 3 5 18 3 19 1 5 4 2 13 5 19 1 2 3 20 5 1 16 3 10 5 10 2 2 4 7 2 2 10 4 19 1 1 4
7 4 5 16 4 10 2 9 3 3 2 2 13 4 10 1 4 16 4 1 8 5 3 3 8 4 14 2 4 20 1 8 1 1 12 1 5 15