25 5
4 4 3 13 4 2 5 14 1 15 3 1 3 5 7 4 14 2 3 12 4 15 5 2 14 1 15 4 5 3 16 5 18
8 1 1 10 4 2 6 4 6 1 9 3 2 2 2 4 1 7 2 5 3 4 11 4 3 15 5 9 2 14 4 2 3 3 10 4 15 1 4 2 3 8 4 5 2 2 7 1 16
8 3 3 11 1 6 2 10 1 1 13 1 2 6 5 4 16 2 2 3 2 5 20 1 2 2 4 11 3 7 2 1 5 5 11 5 1 16 3 10 5 3 4 18 2 20 1 5 6
7 3 2 3 3 6 5 16 5 3 16 5 11 2 17 4 3 1 9 3 1 7 3 13 2 4 3 5 5 1 12 2 19 1 2 10 4 3 6 2 18 1 9 5 6 3 3 3 1 7 4 2
7 5 4 18 2 11 1 12 3 13 5 16 3 4 11 1 5 2 3 3 2 10 3 19 1 7 4 1 16 3 8 4 5 2 6 3 1 12 2 19 4 15 3 1 20 3 16 5 18 3 1 13 2 13 4 16
7 2 1 11 2 4 1 2 10 3 5 2 1 7 3 2 1 1 15 2 3 8 5 6 1 1 18 5 1 9 5 16 3 4 2 5 4 19
4 3 4 13 5 15 3 20 4 2 17 5 8 4 2 3 4 2 1 7 2 15 3 5 12 4 5 2 15
8 4 5 6 4 2 3 8 2 19 4 3 12 1 3 5 17 4 4 5 2 7 3 10 1 19 4 8 5 2 5 3 18 2 12 1 16 5 10 4 18 5 3 20 1 20 4 5 2 10 5 11 5 4 11 5 17 2 6 1 8 3 10 2 2 18 5 16 1 1 2
5 1 3 19 4 5 19 3 18 2 5 1 14 3 4 6 1 5 2 4 5 5 8 2 19 3 19 4 12 1 2 5 4 18 2 6 5 9 3 10 1 4
7 5 5 19 3 16 2 20 4 13 1 12 1 3 5 2 2 9 1 10 5 4 17 5 15 1 7 2 7 3 17 2 3 9 4 2 4 5 18 2 20 4 19 1 18 4 1 7 2 20 5 10 4 4
5 4 5 17 1 17 3 17 4 12 4 2 5 5 16 4 12 1 3 2 5 5 3 3 3 2 7 1 11 3 2 3 5 2 1 14 3 12
4 1 2 9 3 2 4 5 13 1 16 3 4 20 2 20 1 16 1 4 3
8 3 3 13 4 19 5 7 5 1 10 3 20 5 3 4 8 2 20 5 3 18 2 18 5 16 4 17 1 9 3 1 2 5 19 3 17 1 1 3 3 1 14 4 16 2 16 1 2 18 3 1 17 2 3 4 10
7 5 4 15 3 18 5 12 2 16 1 2 3 4 2 5 3 2 14 1 2 8 5 5 4 1 15 4 3 3 13 2 20 5 1 11 2 8 4 4 5 17 3 8 3 1 11 4 9 2 15 5 2 12 5 6 1 3 4 6 3 15
7 4 2 20 5 16 1 20 4 15 4 4 15 2 9 5 15 1 6 1 1 11 5 4 10 3 17 1 18 2 10 5 3 2 3 9 1 4 5 3 15 1 8 5 14 2 18 4 11 3 4 18 2 15 3 16
4 1 3 4 4 4 7 3 2 2 19 1 3 3 5 11 2 2 4 19 4 5 13 2 14 1 16 4 17
8 4 5 11 3 7 2 14 4 12 4 1 15 4 18 2 11 5 18 5 3 19 5 6 1 8 2 4 4 12 2 3 17 1 14 5 3 6 1 16 4 17 2 10 5 11 5 4 10 2 7 5 18 1 5 3 20 4 4 12 5 10 2 10 1 14 3 5 11 3 10 1 7
7 3 1 15 4 18 2 6 1 5 12 3 5 4 2 5 3 14 3 5 10 2 7 1 19 2 4 20 1 13 4 5 19 2 9 4 11 1 7 3 3 5 4 10 2 10
7 1 3 15 3 3 5 5 8 1 9 1 1 15 2 2 5 5 18 1 3 10 3 5 18 1 20 2 9 4 3 4 1 8 5 7 4 16
7 5 3 16 5 6 1 8 4 11 2 2 2 3 15 4 2 3 3 8 5 20 1 19 2 3 3 5 14 1 4 15 3 2 13 3 10 5 19 4 3 9 4 14 1 12 2 4
6 2 5 14 4 19 3 3 20 4 8 1 2 4 5 8 4 2 2 17 1 11 3 2 2 3 9 1 3 4 3 5 1 13 5 8 2 2 5 5 3 2 7 4 9 3 4 1 7
4 2 5 15 2 4 2 2 11 5 8 5 1 11 4 9 3 9 5 8 2 11 3 1 20 4 13 5 18
8 3 3 18 2 13 5 4 4 2 19 1 4 5 4 3 20 3 5 10 2 7 4 6 5 3 11 2 13 1 18 4 15 5 10 4 5 2 1 19 3 14 2 6 1 1 12 2 1 11 2 9 3 1 5 5 13 4 3
8 5 5 15 1 3 3 11 4 10 2 11 5 2 3 1 10 4 4 3 16 5 10 5 5 19 2 20 4 9 3 19 1 5 3 3 2 4 4 5 2 2 5 13 4 4 2 4 9 5 12 4 1 17 2 10 3 14 5 12 5 5 2 4 7 3 11 1 6 2 8
5 4 3 19 1 20 5 6 4 5 1 4 6 3 5 5 3 12 1 17 3 1 11 5 2 3 14 4 5 8 2 2 1 13 3 10