25 5
7 3 5 7 4 16 3 8 5 1 2 5 9 2 10 3 3 4 20 3 1 8 2 5 4 17 4 5 14 2 5 3 17 1 13 2 5 18 4 17 3 1 11 2 7 3 3 5 5 4 4 17 2 10 3 19 1 7
8 5 4 3 3 5 1 16 2 5 5 3 5 2 8 5 19 4 10 3 5 1 11 5 4 11 5 11 1 7 2 13 3 11 2 2 15 5 9 2 2 8 3 10 1 4 11 5 3 19 5 3 2 9 1 4 4 16 1 1 12
6 5 1 12 3 11 2 20 4 15 5 15 3 3 9 2 18 4 13 2 5 2 4 2 5 4 16 1 15 3 8 5 13 2 6 4 4 19 5 19 3 19 2 14 5 4 4 2 11 5 3 1 12 3 12
6 4 1 11 3 19 2 8 4 15 2 1 16 4 10 4 5 4 2 11 4 16 1 3 2 2 20 4 15 5 4 4 3 19 5 12 1 7 2 6 2 5 19 1 7
8 2 4 19 3 17 4 2 11 4 3 5 15 3 2 3 2 6 3 11 5 12 1 5 16 2 1 7 3 5 2 3 14 1 3 2 3 6 5 3 1 1 8
5 2 5 2 2 14 2 1 17 5 4 1 2 10 2 3 2 4 5 1 1 6
6 5 5 9 2 20 4 8 3 11 1 19 3 3 13 2 2 4 17 4 4 4 5 3 2 18 1 7 4 1 3 4 8 2 4 5 18 5 1 9 2 5 5 16 4 3 3 17 2 4 14 2 12
4 1 5 15 4 2 16 1 8 3 2 5 2 2 5 18 3 9 2 5 19 2 8
4 5 2 17 1 15 4 6 5 6 3 7 3 2 6 3 20 5 15 4 3 4 2 4 4 7 1 2 1 5 2
5 3 2 19 5 15 1 16 1 2 3 5 5 14 4 8 2 6 1 4 3 17 4 5 10 2 18 3 10 4 5 1 5 5
4 5 2 17 5 7 4 19 1 17 3 5 2 2 2 4 7 4 5 12 2 15 1 19 4 20 3 1 16 3 3 4 13
4 3 2 12 1 9 5 13 4 3 16 5 18 4 8 1 15 4 4 10 2 3 1 19 3 20 4 3 20 5 14 4 14 1 2
4 2 3 11 1 5 3 4 8 3 2 1 13 5 1 7 2 2 5 17 3 3 4 18 1 2 15
7 1 3 16 5 1 19 3 19 4 17 5 18 2 18 1 1 3 4 5 6 3 4 4 11 1 15 3 2 17 5 3 3 18 3 1 2 4 2 3 5 3 2 7 5 13 1 6
5 4 5 13 4 13 1 10 2 12 2 3 12 1 9 4 5 4 3 4 1 16 4 18 2 2 5 3 2 5 3 13 2 16 4 4 5 20 1 2
8 1 3 15 3 5 12 3 10 1 15 4 1 17 3 3 5 7 2 14 2 3 15 4 18 4 2 19 4 15 1 19 5 5 4 3 3 2 13 4 2 1 13 1 5 11 2 1 16 5 17
7 1 5 5 1 4 10 2 3 12 2 18 4 5 11 2 14 3 12 1 4 1 4 12 1 5 7 2 4 17 3 8
5 4 3 14 2 8 5 18 1 15 2 1 14 4 10 2 3 13 1 7 4 5 18 1 11 2 17 3 2 5 4 16 1 11 5 8 3 2 2 19
4 3 5 13 3 3 2 20 1 3 17 4 5 7 2 5 4 16 1 4 3 5 6 1 15 4 19
6 3 2 4 4 5 5 12 2 1 5 2 17 2 4 8 5 6 5 1 6 4 9 5 7 2 19 3 20 5 4 7 5 16 2 15 1 17 3 4 4 2 19 3 5 1 14 5 8
5 4 4 11 1 3 5 6 2 20 4 1 5 3 3 2 15 5 10 3 5 9 1 7 3 12 4 4 6 5 18 2 15 3 18 4 2 8 4 16 3 16 5 16
4 2 5 13 1 15 4 2 4 1 15 4 16 5 20 5 4 18 1 4 3 5 2 20 5 4 3 5 17 4 11 3 11
8 1 2 14 2 2 18 1 10 3 2 3 4 4 3 19 2 2 20 4 14 2 2 2 3 3 1 4 15 3 5 20 3 7 1 10 3 3 6 2 3 4 9
8 3 2 19 4 7 1 14 1 1 11 3 2 16 4 16 5 3 1 5 15 4 2 12 1 20 5 10 4 11 4 3 16 2 19 1 11 4 8 4 3 16 2 2 4 12 1 11 1 5 19
7 4 1 15 2 7 4 16 5 12 3 5 2 4 11 2 17 5 5 6 4 17 3 20 1 18 2 7 5 1 3 4 11 5 12 3 3 2 2 4 5 5 4 10 2 17 3 18 4 1 6 5 11 2 10 3 5 4 2 8 5 6 4 4 3 17