25 5
5 4 5 9 2 2 3 6 4 3 2 4 7 5 9 2 3 4 5 19 1 3 16 3 3 15 5 11 2 15
5 1 4 20 5 5 18 2 13 4 3 1 11 3 9 1 2 7 1 2 6 4 2 14 5 18 3 12 4 5
8 4 5 3 1 14 4 5 3 14 5 1 14 2 19 3 3 4 13 5 16 3 2 19 4 9 3 16 4 4 17 2 15 3 9 1 2 4 1 11 2 3 5 12 3 10 4 3 14 4 4 5 8 2 16 5 2 9 3 4 1 11 4 17 5 7 4 5 19 2 19 3 4 4 7
4 4 4 7 1 5 3 10 2 10 4 1 4 4 10 5 2 3 11 3 1 3 2 7 4 19 1 5 4
5 4 2 5 3 19 1 10 5 6 3 1 14 4 13 3 3 5 1 9 4 15 2 7 3 7 5 16 4 3 3 5 6 4 17 1 16 3 4 2 1 18 5 20
5 1 3 18 4 4 9 5 12 3 20 1 9 4 3 17 5 4 4 8 1 9 4 5 19 2 9 1 2 3 13 4 2 3 5 8 1 5 3 17
4 5 2 18 5 13 1 13 4 17 3 17 1 4 2 1 4 11 1 2 13
8 5 3 3 2 14 1 18 4 11 5 15 5 5 18 2 3 1 2 3 5 4 17 2 1 20 4 14 5 1 2 5 3 2 16 3 2 4 4 4 1 16 3 16 2 8 4 11 5 4 4 2 15 3 20 5 3 1 12 5 4 9 5 2 1 5 3 18 2 12 4 3 15 2 19 5 7 1 18
8 3 2 14 1 13 3 15 3 2 14 1 11 5 3 3 3 14 5 16 4 15 1 2 11 2 2 19 3 2 1 3 16 2 3 2 1 8 2 5 4 3 9
7 1 5 5 5 5 18 4 2 1 11 3 12 2 16 4 3 7 4 6 1 13 2 8 4 4 4 5 14 2 12 1 11 2 5 13 1 11 5 3 9 1 15 4 3 2 20 5 4 2 4 15 5 13
8 5 5 18 1 5 2 14 3 2 4 19 5 3 5 4 13 1 18 2 2 5 12 3 3 2 5 3 2 19 1 4 15 4 1 16 2 11 4 16 3 2 2 2 15 4 19 5 3 6 2 7 4 14 1 8 5 12 4 2 19 5 4 4 17 3 10
4 5 4 9 2 6 3 2 5 9 1 5 1 1 7 2 3 14 5 16 2 2 4 5 20
4 3 5 16 4 18 1 13 5 3 3 2 3 4 4 1 7 5 19 5 3 4 4 20 1 11 2 6 5 9 2 5 6 3 20
5 2 2 13 1 6 3 2 12 5 12 1 6 4 5 20 3 13 1 6 4 12 4 5 20 4 7 2 12 3 19 4 1 8 2 7 3 8 4 10
4 5 4 17 2 15 1 4 3 5 5 2 3 1 14 4 12 3 10 3 2 6 5 5 1 3 2 5 14 3 10
6 1 1 10 3 5 7 2 3 1 13 2 2 16 4 6 1 4 18 5 3 15 5 15 4 4 2 15 1 10 4 1 12 3 15 5 12 4 9
7 1 3 4 1 2 18 5 5 20 3 4 2 3 1 6 4 15 2 1 5 4 14 4 1 17 2 12 5 3 3 7 3 5 8 3 10 2 13 1 5 6
5 1 1 3 1 4 2 4 2 15 1 15 5 6 4 11 5 5 3 2 8 3 11 4 14 1 6 2 2 3 5 2
7 3 1 7 5 16 2 19 4 4 19 1 12 3 13 2 5 4 2 14 4 4 3 6 1 3 4 2 11 4 11 3 6 1 15 5 5 6 2 3 1 7 3 12 4 6 2 3 14 5 3 4 3 2 2 19 1 20 5 2
4 2 2 2 1 15 3 4 20 1 12 3 9 3 4 9 5 5 2 8 4 5 8 4 12 1 7 2 15
4 4 3 13 2 14 1 11 5 11 2 1 11 4 16 2 2 18 3 20 3 5 6 1 2 3 17
8 3 4 18 3 2 5 8 3 2 18 5 11 4 12 1 4 5 1 2 15 5 2 13 3 15 1 6 5 2 4 20 2 4 14 1 14 4 1 19 4 16 2 9 3 7 3 4 16 3 11 1 15
8 3 5 9 2 17 1 4 3 1 6 4 2 3 14 2 4 11 5 20 1 3 15 1 4 14 1 1 6 1 4 4 1 1 9
4 3 1 16 3 17 5 11 5 5 2 1 4 4 4 3 6 2 12 5 3 14 1 5 5 19 2 6 4 9 5 3 18 2 19 5 20 4 8 1 10
5 1 1 3 3 1 14 4 9 3 18 4 5 5 4 11 1 11 3 10 3 3 2 4 14 5 11 3 2 5 3 8 1 16