25 5
4 2 2 5 5 5 3 1 6 2 13 4 20 4 3 16 2 2 5 8 4 8 1 5 10
8 1 1 18 1 4 5 1 3 16 4 5 10 4 11 3 18 2 18 1 5 7 2 4 10 5 19 1 5 15 4 5 6 3 8 1 4 4 16
5 2 1 19 4 20 4 5 17 2 20 3 9 1 5 3 3 9 5 11 1 5 4 3 12 4 18 5 10 2 8 1 4 20
4 4 2 10 1 10 4 19 5 10 2 1 20 5 15 5 4 6 1 19 2 7 3 11 5 8 2 5 4 4 7
5 2 5 11 1 11 5 4 12 2 16 5 5 1 15 3 16 1 3 3 2 2 12 4 16 3 4 14 5 7 1 19
5 3 5 10 4 9 1 12 4 1 2 5 6 4 11 2 20 5 2 12 3 8 5 14 4 16 1 9 3 2 16 3 18 4 17 2 5 17 3 15
6 2 1 4 3 14 1 4 14 5 2 17 4 7 1 5 5 20 3 16 3 1 20 2 12 5 3 2 2 10 4 2 5 3 8 5 5 1 7 2 12 4 12
8 5 1 15 4 8 3 10 2 8 5 3 1 2 9 2 4 9 3 9 1 3 9 5 3 12 4 13 5 15 2 13 1 12 5 3 5 4 12 2 3 1 7 5 3 1 3 14 3 2 15 5 20 1 17
7 5 4 9 5 3 1 12 2 10 3 18 5 1 16 3 15 2 4 4 12 5 20 2 3 17 1 14 4 1 3 4 19 5 10 3 16 4 5 16 4 10 3 20 1 13 2 4 12 3 14 4 3 4 4 8 2 16 1 6
6 3 5 8 1 18 4 9 2 2 2 3 19 4 2 4 5 10 3 4 1 20 5 1 16 3 10 4 15 5 19 2 3 1 4 18 4 4 18 1 14 5 10 2 9
7 2 5 12 4 2 4 5 8 3 4 1 15 2 12 1 3 3 4 2 10 1 15 3 4 5 9 5 1 10 2 4 3 9 4 9 5 14 5 3 12 4 16 2 17 1 7 5 15 5 1 4 5 17 2 16 3 2 4 17
4 3 3 4 4 8 2 19 5 5 14 2 19 3 20 1 12 4 8 4 2 16 3 10 4 20 5 17 5 3 9 5 2 4 13 2 11 1 4
7 2 5 5 2 6 5 3 9 4 2 1 8 5 17 2 6 1 5 11 5 4 6 5 13 2 18 3 4 1 13 3 5 7 1 3 2 15 1 4 4 2 2 2 4 14
4 4 5 19 1 14 2 2 3 18 1 4 16 5 5 7 1 3 3 2 4 5 2 5 4 4 7 3 17 2 17 1 16
5 3 1 7 5 18 4 6 3 3 19 2 13 4 5 5 5 11 2 16 1 2 3 15 4 11 2 4 7 5 11 5 5 10 4 2 2 20 3 11 1 18
5 3 4 11 2 9 1 17 5 3 14 4 16 1 19 2 6 5 14 4 4 5 1 12 5 11 2 17 4 1 9 3 14 5 17 2 6 4 5 19 2 14 4 11 1 10
4 3 4 4 2 20 3 20 1 1 10 5 3 9 5 14 1 13 2 18 4 20 5 5 2 4 5 2 19 3 19 1 19
5 3 3 8 4 2 2 6 5 1 14 2 8 5 3 4 3 3 8 3 4 20 5 19 1 19 1 4 7 4 5 13 1 7 4 3 2 6
4 3 3 17 4 19 1 5 4 4 13 5 15 1 12 2 15 5 4 11 5 12 2 18 3 18 1 19 1 4 3
7 1 4 7 5 5 16 1 9 2 5 3 8 4 3 4 1 8 3 13 4 9 2 9 3 5 7 1 10 2 3 5 1 20 3 3 5 14 2 10 4 4 3 1 4 3 16 4 20 1 2 12
7 4 2 19 1 13 4 13 3 8 3 5 19 2 8 4 12 2 1 16 4 15 1 2 10 5 1 16 4 15 2 12 3 4 5 8 4 1 5 4 6 2 6 5 14 5 2 14 1 10 4 16 3 10 5 15
4 4 4 4 1 4 5 9 3 14 5 5 13 2 8 3 15 4 14 1 16 1 4 12 1 5 8
6 1 2 7 1 4 14 2 1 12 4 8 3 1 2 5 10 2 9 3 3 18 1 5 5 8 2 1 15 2 7
8 1 3 14 5 4 6 5 15 2 8 1 15 3 13 4 2 2 5 9 3 2 4 7 4 5 19 2 15 1 8 3 5 2 3 17 2 2 5 2 18 3 14 1 4 5 19 4 15 1 4 16 1 5 17
5 3 1 13 2 14 5 9 2 4 9 5 19 4 4 10 2 10 1 9 5 11 5 3 8 1 13 2 6 4 4 5 10 1 3 2