25 5
5 4 3 5 2 20 5 18 1 8 5 4 11 5 8 1 6 3 12 2 10 2 3 11 4 20 3 4 6 2 19 5 14 3 1 6 2 10 4 5
6 4 5 20 1 8 3 14 2 10 4 5 13 3 18 4 2 1 3 4 4 3 1 4 3 19 5 19 2 2 18 1 13 2 4 3 5 9 1 1 19
8 1 1 5 3 3 4 1 18 2 18 5 4 13 5 12 3 2 1 9 2 9 2 3 9 1 15 3 2 5 5 7 4 13 3 2 13 5 20 1 17 4 2 19 4 10 1 18 3 19 3 2 10 1 17 5 4
6 2 1 20 3 5 1 1 5 4 4 12 3 7 5 13 2 11 2 4 12 2 16 4 2 9 5 9 4 10 1 16 1 4 3
6 2 1 4 2 16 3 4 3 3 20 2 13 2 4 8 3 17 2 1 10 3 15 3 5 7 3 18 1 20 4 5 18 1 5 4 9 2 4
5 3 2 18 1 20 5 11 4 1 11 4 2 2 19 3 12 2 3 6 4 2 5 5 16 1 5 3 10 4 7 2 16 3 1 7 2 18 4 10
6 4 5 19 1 8 4 20 3 11 4 2 20 4 17 5 14 3 4 1 4 6 5 3 4 4 13 5 4 1 10 2 18 4 3 17 2 10 1 12 5 8 1 4 12
7 1 2 12 5 4 11 5 19 1 3 3 17 2 19 4 2 12 5 6 3 14 1 18 1 3 20 2 4 11 1 18 4 3 2 5 5 1 15 2 20 2 3 5 1 17
6 5 4 14 5 5 3 8 1 12 2 5 1 2 11 4 3 10 5 12 2 17 4 11 1 1 13 5 5 8 4 6 3 8 2 17 1 10 3 5 17 4 9 1 18
5 3 3 3 4 19 2 17 5 5 18 4 8 3 5 2 7 1 18 2 1 17 4 4 5 3 14 4 9 1 8 2 16 5 14 1 4 11
5 3 1 6 2 6 5 17 5 4 5 1 12 5 16 3 2 2 13 3 4 11 3 16 2 20 3 2 17 1 18 4 10 1 1 14
4 3 4 20 1 18 3 11 4 1 7 2 2 4 17 3 19 2 4 6 5 11 1 3 12
8 3 4 10 1 7 5 20 1 2 16 2 3 3 1 20 3 2 17 3 16 4 17 5 4 14 5 16 1 19 2 20 3 18 1 5 16 1 4 7 3 5 17 3 15 2 13
7 5 1 6 4 7 3 9 5 20 2 20 3 3 15 1 7 2 9 3 2 19 4 4 5 17 3 2 2 5 18 3 9 1 5 2 2 4 10 3 11 3 3 11 5 5 1 17
6 1 5 2 4 2 16 4 7 5 10 1 16 5 4 13 2 13 1 15 3 18 5 12 2 1 14 5 12 1 3 14 5 5 4 4 20 3 13 2 6 1 7
7 4 1 3 4 2 3 11 2 12 1 4 9 1 4 20 5 3 5 5 4 4 17 2 18 1 14 5 5 6 1 13 3 14 2 20 4 13 5 2 4 5 11 1 2 4 7 3 4 2 3 20 1 7
7 2 2 4 1 13 2 5 14 2 15 2 2 13 1 4 3 2 5 3 3 4 12 2 2 10 3 19 5 5 11 3 5 2 20 4 17 1 8 2 4 13 2 13
8 4 3 18 5 2 4 3 2 5 5 1 3 2 5 3 13 5 19 4 8 5 1 6 3 6 5 9 2 9 4 3 4 3 11 4 12 1 10 2 11 3 5 14 3 11 1 14 3 4 5 2 5 3 2 2 1 2 3 9 5 1 2 4 2 5 16 3 17 2 7
6 2 3 2 4 16 5 2 8 1 20 4 7 5 4 3 11 3 3 18 5 9 1 2 3 4 13 1 9 2 12 2 5 15 2 2 4 4 20 2 8 1 3 5 4
8 5 1 16 4 6 3 7 2 19 5 13 2 5 8 3 5 5 4 18 1 16 2 16 3 11 5 11 2 1 14 2 17 2 1 11 5 16 1 5 15 4 2 10 3 20 4 15 1 15 5 2 9 1 16 5 20 3 12 4 3
5 4 2 15 4 2 3 4 1 13 2 3 8 4 10 1 5 19 3 4 5 1 20 2 11 1 5 6
5 3 5 20 1 17 4 10 2 3 16 5 14 1 3 17 4 2 2 4 6 1 14 3 12 3 3 16 5 5 1 6
5 4 5 3 1 2 4 13 2 3 5 3 18 4 19 1 3 5 13 2 11 3 4 6 2 20 3 12 2 5 17 1 9 3 2 17 5 16 1 10
4 3 4 14 3 7 2 17 1 2 10 5 1 17 2 20 4 11 3 16 5 11 2 4 7 3 8
5 1 5 11 3 3 3 4 18 2 13 2 2 19 4 19 3 4 13 2 4 3 16 5 2 9 5 17 3 13 1 10 4 16