25 5
8 3 3 2 4 3 1 4 1 2 17 1 3 13 1 2 2 2 2 9 3 20 4 1 7 3 16 2 8 5 15 3 3 19 1 4 2 8 4 1 7 5 13 3 15 2 4
6 4 5 13 1 12 3 7 4 11 5 5 17 2 6 3 12 4 9 1 17 3 4 4 3 17 2 3 1 2 18 1 5 16 1 5 18
7 4 2 12 1 7 4 4 3 17 5 2 11 3 2 5 18 4 14 1 16 2 5 12 3 16 2 5 2 1 16 2 5 10 1 12 5 1 2 5 9 4 15 2 18 3 6 2 5 5 1 18
7 4 4 14 3 9 1 2 2 14 2 2 16 5 20 5 4 13 2 7 1 14 3 6 5 14 4 1 6 2 9 5 17 3 16 3 3 15 5 7 2 5 2 2 5 3 4 2 5 4 4 8
7 3 1 20 3 5 5 9 2 2 10 5 8 4 3 7 2 19 1 14 5 12 1 1 7 5 2 5 1 15 3 13 5 14 4 2 3 5 8 2 5 3 20 2 1 18 5 13
7 5 4 12 2 16 1 17 3 5 5 13 3 2 2 1 19 5 15 1 4 19 1 1 12 2 5 15 4 17 4 1 20 3 11 5 5 2 8 1 3 14
4 3 2 7 1 8 4 7 2 3 17 1 5 2 1 8 3 19 5 2 7 4 16 3 17 5 18 1 5
4 2 3 14 2 12 4 4 20 5 12 3 2 2 8 2 2 9 1 17 1 3 7
5 3 1 7 5 12 3 6 4 2 11 1 7 4 19 5 10 5 3 12 5 13 2 2 1 3 4 6 5 5 7 3 4 2 19 1 14 4 15 5 1 13 2 8 5 7 3 2 4 12
7 4 1 20 4 11 3 10 5 9 4 2 6 3 6 4 14 1 6 2 5 18 1 18 4 1 18 4 16 5 6 3 5 2 4 13 1 18 2 1 20 3 12 4 1 13 2 18 5 15 4 10
6 4 5 18 1 2 3 14 2 8 4 5 16 2 18 3 16 1 6 1 4 6 2 4 6 5 6 2 1 9 5 12 5 2 16 3 2 5 9 4 13 1 10
4 5 5 13 2 12 3 19 4 15 1 11 3 4 16 2 2 5 19 1 4 2 4 1 11 5 18 4 6 2 18
8 4 1 11 3 3 4 19 5 12 1 4 15 2 3 9 2 11 3 5 15 1 7 4 19 1 2 6 5 2 16 5 17 4 9 3 5 1 12 2 3 20 4 4 2 2 15 5 7
6 1 3 13 3 5 7 2 9 3 17 1 5 20 4 2 15 5 8 4 18 3 18 5 3 5 4 17 1 5 2 11 5 9 4 5 19 2 18 4 14 1 8
5 1 2 11 5 5 7 3 19 1 11 2 3 4 2 5 1 15 2 2 4 5 3 10 5 6 3 3 20 4 14 1 19 3 1 18 2 17 4 11
4 5 1 8 5 11 3 9 2 6 4 13 5 5 10 2 3 3 13 4 17 1 11 3 5 6 3 14 2 9 5 1 6 2 15 3 11 5 9 4 11
4 3 1 2 5 14 4 19 1 1 18 1 4 18 1 2 17
7 2 5 6 1 9 1 5 6 5 3 15 5 8 1 16 2 18 4 14 4 3 13 1 5 2 16 4 3 3 5 3 4 20 3 10 3 3 9 4 20 5 11 3 4 13 3 7 1 16
8 3 5 16 1 6 3 10 5 2 18 1 14 3 3 5 12 4 13 1 4 11 3 4 9 1 11 2 18 5 1 9 5 19 2 19 3 5 4 12 1 1 15 2 5 17 3 20 2 5 19 3 8
4 4 1 3 4 8 5 2 2 4 1 4 3 2 2 7 4 8 1 5 7
8 4 3 20 5 4 4 19 2 20 5 3 2 2 17 5 7 1 6 4 12 3 1 18 4 16 5 12 5 4 19 3 8 1 17 5 18 2 16 3 2 14 5 15 1 6 5 3 2 4 10 5 12 1 11 2 17 3 5 4 1 10 2 18 3 4 9 3 14 2 2
5 2 4 12 1 18 2 1 2 2 14 2 3 4 2 13 5 4 17 3 17 2 16 5 19 1 19 5 3 11 5 13 2 18 4 17 1 16
4 5 4 11 5 7 3 11 2 8 1 2 2 3 3 2 12 4 1 18 4 9 2 6 5 15 1 4 13
4 5 4 16 1 13 2 18 3 20 5 20 3 3 8 4 18 5 18 1 5 15 4 3 20 5 13 2 3 1 15
5 2 5 3 3 10 5 2 19 1 3 3 19 4 13 5 5 3 1 16 2 12 3 18 1 2 15 2 4 7 5 19