25 5
8 5 2 11 3 10 1 6 5 8 4 2 5 4 16 5 11 3 5 2 13 1 3 3 1 20 2 17 3 13 3 3 13 1 18 4 17 3 1 17 5 18 4 9 5 4 19 1 15 3 16 5 8 2 17 5 4 5 1 5 2 20 3 9 5 20 4 5 17 2 4 4 5 3 6
6 4 1 14 4 6 2 10 3 14 3 2 10 4 17 1 19 2 5 11 3 20 4 5 14 4 20 2 7 1 8 4 3 9 1 8 5 18 4 20 4 4 12 5 17 1 19 3 8
8 5 5 19 1 4 2 4 3 9 4 3 5 4 14 1 10 3 11 5 13 2 10 3 5 4 3 3 2 20 3 1 20 4 11 3 16 5 4 9 5 14 1 14 3 3 2 17 3 1 6 2 20 5 12 5 2 17 4 20 3 17 5 12 1 14 4 3 16 4 18 2 18 1 14
8 4 4 13 3 20 2 16 5 18 5 4 13 3 16 1 18 2 16 5 3 1 3 16 2 2 9 4 15 1 3 7 4 4 20 3 7 2 14 1 4 1 3 5 5 5 2 4 8 1 17 2 9 3 3
4 4 3 19 2 8 5 8 1 14 5 1 17 5 15 2 2 3 5 4 2 1 1 17 3 4 14 5 18 1 17
5 2 5 6 4 15 3 5 18 3 16 4 13 3 1 19 2 18 4 6 5 5 19 2 19 1 18 4 13 3 6 5 2 18 3 9 5 6 4 16 1 16
7 5 4 13 5 11 3 2 2 5 1 13 3 3 7 4 19 5 18 5 5 17 2 20 1 3 4 3 3 3 4 3 11 1 18 4 19 2 12 5 5 13 2 12 4 3 3 9 1 13 5 5 8 3 8 1 15 4 8 2 18 5 5 16 4 12 2 2 3 3 1 4
7 3 5 19 1 18 3 2 1 2 16 4 3 14 4 10 2 9 5 5 1 1 11 3 1 13 3 7 2 9 2 3 7 4 13 4 3 18 4 18 1 15 2 9
8 5 3 5 2 8 5 17 1 10 4 6 4 5 8 3 15 4 16 1 2 2 4 20 5 7 4 3 6 2 5 1 16 5 18 4 4 18 2 9 5 4 3 10 4 4 7 2 11 1 14 3 13 1 2 4 2 1 8 3 16
7 3 4 18 3 11 2 4 3 4 19 5 4 1 14 1 3 2 5 5 9 3 5 1 18 2 4 4 18 5 5 7 2 19 1 3 4 3 3 20 5 5 19 2 10 3 8 4 7 1 8 1 5 8
6 5 2 13 1 20 4 16 3 14 5 7 2 2 20 4 16 5 3 20 2 16 1 18 4 2 5 9 4 4 7 2 17 1 15 3 20 3 1 20 2 19 4 14 2 5 6 2 4
7 4 5 3 1 3 4 6 2 2 2 3 17 1 3 5 2 5 1 11 4 12 3 5 5 20 1 4 8 3 2 19 5 16 4 19 3 3 7 4 4 1 8 4 3 3 4 3 5 18 2 5
8 5 4 10 5 6 1 17 2 10 3 4 4 1 7 2 18 5 9 4 5 3 2 17 4 18 1 18 5 5 19 1 9 3 14 4 20 2 7 4 5 5 3 8 4 14 2 7 2 1 12 2 7 5 2 11 3 5 5 10 1 3 4 20 5 1 5 4 8 2 8 3 6 5 17
8 4 3 11 5 13 1 6 2 5 3 3 10 4 2 2 5 5 3 3 1 19 4 16 5 5 2 5 5 1 8 2 13 5 2 3 13 4 8 3 4 19 1 17 2 15 5 2 5 4 12 3 5 1 15 5 10 4 5 7 4 10 2 5 3 4 5 5 10 1 13 2 14 4 16 3 20
4 4 2 12 1 11 4 9 3 16 3 1 6 3 13 5 14 1 5 11 2 3 19 1 3
7 4 2 12 1 10 5 6 4 4 5 4 20 1 3 5 2 2 16 3 12 3 2 11 1 19 4 20 1 3 10 2 3 12 5 15 5 5 11 4 6 2 12 3 4 1 10 2 5 20 1 8
6 5 4 7 5 5 2 3 3 5 1 11 5 2 11 4 4 1 2 5 7 3 16 4 2 16 5 3 3 17 4 20 5 3 18 1 4 4 2 2 5 5 20 1 1 9 1 3 4
6 2 3 8 1 14 2 3 3 5 16 4 5 6 4 9 3 14 1 12 2 1 16 2 4 3 1 16 2 15 3 13 5 5 3 1 10 3 15 4 3 2 11
4 5 3 9 4 20 2 14 5 4 1 15 3 3 14 1 18 5 7 2 1 13 5 8 3 5 7 2 7 1 4
4 4 5 10 2 3 4 16 1 14 3 2 2 3 9 4 3 3 5 9 4 3 1 16 5 4 13 5 8 2 16 3 17 1 20
4 5 5 19 4 4 2 20 1 19 3 13 4 5 17 1 19 4 19 2 15 1 5 7 2 5 10 2 8
6 2 4 20 5 3 4 4 19 1 19 3 11 5 12 2 5 9 1 3 3 1 6 3 6 2 13 2 5 14 4 5 3 2 18 3 17 1 9
6 2 2 13 5 8 4 2 20 3 17 4 16 1 7 4 1 14 2 18 5 2 3 7 5 2 14 3 4 4 6 1 17 5 17 5 4 20 5 16 3 18 2 6 1 10 2 4 3 2 5
7 3 2 13 4 15 3 8 2 2 19 4 18 5 4 20 3 8 2 18 1 17 5 16 5 2 2 4 18 5 19 3 16 1 9 3 2 11 3 12 1 13 2 2 12 4 6 2 5 20 3 7
4 3 5 3 2 6 1 2 3 5 11 3 13 2 15 2 1 3 3 4 1 3 18