25 5
4 5 4 6 3 2 1 4 5 16 2 15 2 4 8 1 19 2 4 18 3 9 4 1 14 2 17 4 10 5 19
6 4 1 11 2 4 5 2 4 18 2 4 10 3 12 3 2 4 3 13 4 5 2 1 4 2 2 1 4 19 4 4 5 2 3 3 14 5 14
5 5 4 15 1 19 2 12 3 18 5 15 1 5 11 4 3 18 2 17 5 10 4 5 1 5 13 5 1 3 2 7 4 17 3 13 5 3
4 5 3 12 5 10 1 10 4 20 2 16 1 3 4 1 5 12 5 5 11 2 10 3 10 1 16 4 20
5 1 3 9 1 5 20 1 4 12 2 4 6 2 14 3 3 17 2 2 5 14
5 4 1 10 3 11 5 3 4 10 2 4 7 2 7 3 4 4 5 15 3 9 5 1 14 2 13 5 8 4 6 3 11 1 3 13
5 1 3 2 2 5 11 2 6 1 5 2 1 1 17 1 4 5
7 3 3 19 2 8 5 10 5 1 14 2 2 5 18 4 16 3 6 4 1 4 2 7 3 14 4 7 1 5 7 4 3 5 2 10 5 7 4 11 5 5 4 2 15 4 14 3 13 1 3 1 4 13
4 2 5 6 3 6 4 2 20 4 20 3 4 5 2 1 3 19 2 2 4 5 12
6 5 3 7 5 17 1 4 4 8 2 14 5 1 18 4 16 5 13 3 3 2 12 3 3 2 1 20 2 6 1 4 3 3 2 20 3 13 1 8 2 4 17 2 19
7 1 5 15 1 3 2 3 5 13 3 2 1 5 4 1 18 4 17 2 19 3 11 5 1 6 3 8 2 8 4 14 5 11 3 1 18 3 20 5 6 3 1 3 3 6 2 5
7 5 4 13 3 2 1 5 2 17 5 20 2 1 8 4 14 1 1 9 1 1 9 4 1 4 2 8 3 7 4 12 4 2 4 5 15 1 9 4 20 5 3 2 2 12 5 12 4 14 1 5
7 2 4 17 1 5 1 4 19 5 3 17 5 8 1 13 2 12 4 11 1 2 10 1 2 7 2 1 17 5 17 3 2 10 4 7 1 8
7 4 3 12 2 12 4 16 5 4 4 2 7 1 8 4 13 3 14 4 1 17 2 9 5 3 4 3 4 5 12 3 10 2 3 1 20 5 4 6 1 18 2 17 5 16 3 6 1 1 19 5 5 11 2 7 4 7 3 20 1 4
4 5 1 11 4 8 5 20 3 10 2 11 5 3 20 4 13 1 19 2 7 5 8 1 5 2 3 2 8 4 5 3 18
4 5 3 11 2 17 4 10 5 16 1 16 1 3 15 4 4 9 2 15 1 12 3 11 3 4 19 1 20 3 17
6 1 2 7 5 2 3 5 9 1 12 4 19 3 4 2 4 14 3 16 5 3 12 4 10 5 8 2 5 1 4 5 5 13 2 20 1 3 4 12 3 18 2 1 6 5 13
6 5 5 14 1 2 3 15 4 18 2 11 5 2 3 4 13 5 15 3 16 1 2 3 3 19 1 3 4 19 5 2 11 3 16 1 16 4 8 5 14 4 4 2 1 2 3 13 5 8 2 1 3 2 9
8 4 2 4 4 18 1 9 5 11 4 1 10 3 7 4 20 5 3 1 1 19 5 3 20 4 12 2 3 1 18 5 18 4 5 7 3 10 1 7 2 9 1 2 20 3 2 11 4 8 5 14 1 3 11
8 3 3 2 5 13 2 3 2 4 16 3 5 1 3 10 4 5 17 3 9 4 17 1 6 5 2 3 5 5 4 13 3 10 1 14 5 3 5 4 17 1 2 2 7 5 6 2 1 14 5 11 3 2 15 3 4 4 9
7 2 4 15 3 17 1 2 2 1 5 10 3 1 11 2 5 4 8 1 2 16 2 2 9 3 13 3 2 12 3 18 4 9
8 3 5 3 1 8 3 16 5 5 2 2 10 1 13 4 7 3 7 2 5 3 2 9 2 1 17 2 16 3 3 11 5 18 1 10 3 3 8 5 15 2 17 2 5 15 3 7 1 3 7
6 4 2 7 4 12 5 9 1 16 4 3 10 4 11 2 14 5 9 5 3 17 1 12 5 5 2 2 4 19 3 2 3 5 5 1 20 5 4 15 3 15 1 5 5 12 2 3 3 2 18 1 16 3 8
7 5 2 13 4 7 3 16 1 3 5 15 5 4 18 1 20 3 4 2 10 5 20 5 2 8 1 11 4 8 3 16 5 16 5 5 12 4 6 2 8 3 20 1 2 4 4 19 2 8 1 18 5 15 5 3 18 5 4 2 17 4 2 1 15 1 1 2
4 3 5 4 2 12 4 4 1 4 19 2 3 15 2 3 3 4 2 3 11 5 9