25 5
6 1 2 2 3 2 19 4 5 1 2 3 5 16 4 10 2 2 2 1 20 2 8 2 3 10 1 15 3 4 8 5 15 3 3
6 1 4 2 1 1 4 5 4 8 3 12 2 7 1 5 5 3 3 2 8 4 11 5 18 4 2 4 3 6 4 12 5 18 1 1 4
5 5 4 6 2 3 1 6 3 4 5 20 3 1 19 2 16 4 20 4 5 7 1 18 2 3 4 10 5 1 2 2 3 5 16 3 14 4 18 2 5 17 4 8
8 1 1 18 4 5 18 4 3 2 14 1 16 1 2 3 5 4 13 3 5 1 19 2 11 5 9 3 3 13 5 2 1 14 5 4 4 3 11 2 11 1 6 5 20 5 2 20 5 5 4 10 1 9 3 12 5 4 13 1 2 3 10 5 4 2 8
6 4 3 4 4 5 2 17 1 15 5 4 5 5 5 1 5 3 10 2 7 3 1 5 3 15 5 16 5 1 6 2 10 3 6 4 12 5 3 1 1 20 5 3 7 1 4 2 16 5 17 4 12
8 4 4 8 5 15 3 6 1 7 3 4 6 1 12 3 14 1 1 19 4 1 20 3 18 5 10 2 12 1 5 7 1 5 7 5 5 14 1 11 3 8 4 3 2 14 3 1 6 4 12 2 4
8 2 4 14 3 10 4 4 15 5 19 3 3 2 9 4 5 14 1 7 2 11 3 13 3 2 8 1 10 4 9 5 5 19 2 2 3 12 4 2 1 15 4 1 19 3 13 5 13 2 6 3 5 10 2 9 3 15 3 4 15 5 11 1 5
7 4 2 10 3 10 5 17 1 7 2 4 6 5 11 3 1 19 3 5 4 13 5 5 13 2 16 4 9 1 13 3 15 1 1 17 2 4 20 2 15 3 2 6 3 3 4 15
8 2 4 20 1 11 2 3 20 4 5 2 5 16 3 14 4 2 13 1 8 4 4 3 17 2 1 9 5 19 3 5 8 1 13 2 8 4 1 15 3 3 4 2 5 8 2 4 7 1 14
5 4 3 15 4 3 5 11 1 16 1 5 5 3 4 9 5 11 1 4 5 1 3 2 7 3 11 4 2 5 7 5 1 18 3 15 4 16 2 6 5 15
4 4 2 11 3 20 4 4 1 5 3 5 10 4 11 3 12 3 3 18 5 7 4 15 2 2 3 4 19
7 3 5 16 2 9 3 2 5 3 2 5 14 1 7 2 6 4 20 1 2 15 4 3 17 5 13 2 14 1 7 2 2 6 1 7 4 3 2 4 15 2 5 5 19 3 1 2 3 16 5 8
8 2 2 7 3 4 5 2 4 5 11 4 8 3 3 1 4 1 5 20 3 3 8 1 3 4 8 2 3 10 5 3 3 1 15 3 15 5 20 2 5 15 3 15 3 2 6 4 10 5 3
8 5 4 19 5 8 2 16 1 11 3 19 1 5 7 2 1 3 2 8 4 4 4 3 5 5 6 1 9 1 2 14 4 2 14 4 10 3 10 1 15 5 4 3 3 5 2 17 1 16 5 11 1 1 7
8 4 3 12 2 19 4 12 1 19 3 4 6 3 12 5 19 5 2 20 4 14 1 3 3 12 5 16 1 3 2 3 5 3 2 5 3 4 1 1 10 5 1 20 3 17 4 2 2 12 5 12 5 3 17 2 5 5 13 1 8 4 20
6 1 4 16 5 1 19 5 11 4 5 3 2 2 16 4 5 12 1 9 4 16 3 2 3 4 10 3 4 2 2 2 1 6 2 6 2 1 11 3 14
5 5 2 15 3 10 4 4 5 17 1 17 4 3 10 1 11 2 5 4 19 5 2 11 5 11 4 5 3 18 1 9 5 4 2 1 11 2 6 3 14 5 11 1 1 14
8 3 2 11 3 11 4 5 2 1 6 2 15 5 1 5 2 9 3 16 4 9 5 7 4 1 15 5 2 3 12 2 15 4 4 10 2 15 3 7 1 11 1 2 10 1 2 4 4 5 4 4 6 3 20 2 2
6 5 2 15 4 15 3 16 1 13 5 8 2 3 14 4 19 5 2 16 3 6 4 11 5 3 1 19 2 4 3 1 14 5 3 11 5 19 1 6 2 17 4 4 2 5 10 2 18
7 5 4 8 1 15 2 2 5 12 3 11 1 5 3 3 4 14 1 9 3 10 4 5 11 1 13 2 16 3 15 1 5 5 5 3 10 4 10 2 20 1 14 5 8 4 5 3 2 14 1 20 4 14
5 1 2 6 5 4 20 2 4 5 2 3 9 1 12 5 4 11 2 3 3 20 1 6 5 7 4 2 8 3 8 4 3 1 9 5 1 19 3 10 5 2 2 19 4 9
8 2 2 9 1 20 1 4 3 3 4 18 2 14 3 12 4 4 7 5 12 3 14 1 3 5 1 8 5 16 3 19 4 17 2 4 5 4 17 5 3 1 15 3 17 2 10 3 3 16 1 18 2 11 5 3 3 4 8 2 9 5 7 1 20
8 1 2 5 3 4 8 5 3 2 3 5 5 3 2 3 3 11 4 19 1 4 2 1 11 4 13 5 2 18 5 14 3 17 1 14 4 11 1 2 17 2 1 18 2 5 1 2 3
6 2 3 15 4 6 1 3 16 2 3 9 2 5 4 1 6 2 12 4 2 5 2 2 5 12 2 2 4 3 4 5 8 4 15 1 4
8 1 4 8 3 5 12 2 4 1 11 4 2 8 3 14 1 4 4 15 2 2 7 3 9 2 2 13 3 11 1 1 18 1 1 12 4 4 12 5 7 2 3 3 10