25 5
5 1 2 19 3 3 6 4 15 1 11 1 5 16 4 3 4 5 5 2 18 1 3 2 1 12 2 12
7 1 4 5 1 4 10 4 3 14 2 5 1 5 4 8 4 1 16 2 10 3 18 4 5 2 4 5 2 9 5 4 12 3 9 2 10 1 15 5 5 3 3 5 2 15 5 17
5 5 4 19 2 9 1 10 5 12 3 4 3 5 8 4 19 1 5 4 1 7 4 5 3 2 5 6 5 3 14 1 15 4 19 2 14 5 8 5 3 5 4 17 2 18 5 20 1 3
5 5 1 19 4 9 5 2 2 13 3 20 1 2 6 4 3 5 2 6 4 14 1 5 1 4 5 1 1 19
8 2 3 17 4 18 2 3 7 4 10 2 1 16 3 4 5 3 2 2 2 4 2 1 12 5 17 5 4 2 5 13 2 9 1 15 3 16 1 5 4 3 5 6 3 7 2 6 2 2 6 5 8
5 5 2 16 3 18 1 10 4 20 5 5 1 3 5 3 5 4 4 17 2 15 1 3 9 1 4 12
7 1 1 19 2 3 12 1 2 1 5 15 3 3 5 5 8 4 18 5 4 4 3 4 1 10 5 18 2 8 2 1 17 4 13 2 1 6 4 2
8 3 3 14 4 8 1 18 3 3 7 4 8 1 18 5 1 3 5 18 4 8 3 14 2 6 2 2 5 1 3 5 2 18 1 16 5 4 4 17 3 14 3 2 9 4 13 5 12 5 1 11 3 18 2 11 5 7 4 17 5 2 8 5 8 3 16 4 12 1 8
4 1 5 3 4 2 13 1 13 5 5 3 4 4 4 18 1 13 5 9 2 15 5 5 4 4 16 2 4 1 7 3 10
5 3 1 8 4 15 3 16 3 5 3 2 14 1 19 4 1 14 4 15 5 3 3 9 5 1 17 3 20 4 9 5 8 2 4 2 1 8 2 17
6 3 2 18 3 14 1 19 3 3 5 1 11 2 13 5 1 14 2 16 4 12 3 9 5 12 3 4 9 1 8 3 9 3 5 6 2 11 4 3 2 4 19 1 17
4 3 3 10 4 9 2 5 3 3 19 2 8 5 3 4 5 6 3 19 4 17 2 19 1 2 7
5 4 4 3 3 9 1 9 2 12 5 2 19 1 10 5 16 3 4 4 6 4 3 4 4 9 2 14 5 14 5 1 12 5 11 4 5 2 13 3 20 1 5 15
6 4 2 6 1 12 5 6 4 2 2 5 18 3 11 2 1 18 2 20 3 5 13 3 7 1 10 5 3 18 1 4 4 15 5 20 2 10 1 1 14
4 1 5 2 1 3 13 3 2 16 4 12 1 13 1 4 6
6 1 1 18 5 4 8 3 8 5 14 1 4 2 8 4 2 18 3 9 1 2 5 14 1 2 17 5 1 5 4 16 2 17 3 11 5 10 2 3 18 1 3
7 4 1 16 5 14 2 19 4 14 3 2 20 1 20 4 3 2 5 19 4 11 5 1 18 4 2 5 15 3 8 2 19 5 5 11 2 2 4 15 1 5 3 16 4 2 11 3 12 1 15 4 15 1 1 5
7 2 2 2 4 13 4 1 8 4 12 5 17 3 19 3 4 11 5 13 3 10 4 4 20 5 17 2 10 1 9 2 2 15 3 6 2 5 12 4 18 2 4 18 2 12
7 5 5 15 1 4 2 5 3 13 4 16 4 1 14 5 8 4 12 3 17 3 5 7 2 6 4 7 5 2 7 5 9 1 7 4 10 3 17 5 1 9 5 19 3 18 4 16 2 5 3 1 2 3 16 5 5 4 4 9 3 9 1 14 5 13
6 4 1 13 2 16 3 17 4 15 3 2 7 3 11 4 20 3 5 11 3 4 1 14 1 3 18 4 5 18 4 15 3 6 1 6 3 4 11 3 7 2 13
6 3 1 5 4 5 5 8 1 4 7 3 4 8 3 16 1 2 5 1 6 3 2 5 4 4 15 2 20 4 1 13 3 18 5 20 2 4 5 2 11 3 14 5 7 4 4 1 10
4 5 2 14 4 4 1 20 5 20 3 17 1 2 9 4 5 15 1 3 2 6 4 16 3 5 12 4 19 1 8
4 1 1 19 2 4 16 3 20 5 5 2 2 18 3 10 4 11 1 15 4 1 3 3 9 5 7 4 18
7 3 5 13 4 9 2 20 2 4 12 3 5 3 4 5 3 2 5 2 3 2 17 1 14 4 15 3 1 9 2 15 4 10 2 2 16 5 7 4 4 16 5 11 2 9 3 8
4 4 4 9 1 8 5 18 3 20 4 2 3 4 12 3 14 1 13 1 2 18 4 4 19 5 18 3 13 1 12