25 5
8 4 5 5 1 9 3 3 2 7 4 1 2 5 3 4 14 3 2 3 4 5 2 5 1 17 1 4 16 4 3 4 1 8 4 8 2 16 1 5 7 3 5 18 4 2 2 16 4 1 20 2 11 4 18 5 15
7 3 2 12 3 19 1 19 2 4 2 3 12 1 4 15 1 1 20 3 2 15 1 10 5 20 4 2 17 3 11 4 2 5 11 1 2 13
5 3 3 16 1 11 2 2 1 5 2 1 3 10 3 2 11 4 12 1 14 4 1 6 4 16 5 17 2 18
6 5 3 3 1 7 5 20 4 2 2 15 5 1 15 3 9 2 3 5 8 4 5 5 1 10 2 11 3 5 5 11 4 4 1 5 12 3 3 7 5 16 2 7 4 5 9 3 14 1 7 2 19
5 3 1 20 2 9 5 14 4 2 3 1 18 3 14 5 3 4 3 4 5 4 2 10 1 2 5 2 10 1 12 3 3 4 20 5 9 5 5 15 4 19 2 16 3 3 1 13
4 5 4 14 3 12 2 6 5 4 1 8 4 2 9 3 16 1 7 4 18 3 5 4 4 5 3 19 3 1 20 4 8 3 2
4 4 2 10 4 20 5 7 1 15 1 5 3 2 3 11 4 5 4 1 10 2 2 5 6 3 20
6 3 2 19 3 12 1 19 2 4 15 1 13 1 4 5 3 3 2 4 8 1 5 5 1 12 5 17 2 16 4 15 3 12 3 2 14 1 10 4 2
7 4 3 5 4 16 1 14 2 8 1 4 14 2 5 15 3 4 3 5 13 1 5 3 20 3 3 9 2 13 4 7 3 3 5 5 18 2 13 5 3 13 4 20 5 2 1 7 2 7
5 1 2 12 2 2 2 1 16 1 3 4 1 3 10 2 1 12 3 18
4 3 2 3 1 8 4 5 5 3 15 4 15 5 8 1 17 2 4 2 5 3 4 10 4 2 16 3 18 5 14 1 18
4 1 2 10 1 4 3 1 4 4 3 5 14 4 17 2 20
7 1 5 12 3 5 12 2 16 3 6 3 3 11 5 15 4 14 4 1 6 5 5 2 19 4 16 3 3 18 5 9 2 18 5 2 17 4 11 1 17 5 20 3 20 3 3 8 1 13 2 4
8 3 1 9 5 9 2 13 4 5 14 2 14 4 14 1 10 3 1 2 2 17 5 9 5 4 7 5 8 1 10 3 5 2 7 4 3 10 5 16 1 9 2 4 3 4 15 3 20 2 18 4 1 9 3 3 4 16 2 13 1 5 6
4 2 2 3 5 15 2 3 19 2 15 4 4 15 5 19 3 15 2 19 5 5 17 4 12 2 20 1 12 3 2
4 4 3 20 5 18 4 4 1 10 1 2 9 5 3 18 5 6 1 14 2 17 4 7 5 1 18 4 2 3 3 5 17 2 13
8 4 1 17 5 12 3 15 4 16 3 2 19 5 16 4 15 1 3 19 3 2 16 1 17 4 4 5 5 3 1 20 4 16 3 12 2 17 2 2 4 1 14 3 4 17 1 8 3 5 4 3 16 4 17 2 17 5 8
6 1 3 12 4 4 11 5 12 1 12 3 4 4 1 14 5 15 2 3 3 19 3 5 10 2 6 4 11 5 4 17 5 16 2 17 1 10 3 10 5 2 10 5 7 1 11 3 9 4 8
4 3 1 16 4 14 2 18 3 5 16 4 17 1 4 3 2 20 4 20 3 2 5 1 10 4 7 2 7 5 19 3 16
6 2 1 10 3 19 5 4 4 5 7 3 6 2 7 1 2 5 3 10 1 17 5 11 4 2 2 11 3 3 4 2 3 5 11 5 5 13 3 3 4 12 2 11 1 6 4 3 18 4 12 1 19 5 5
4 3 2 3 5 15 1 4 1 4 11 3 4 3 2 10 1 8 3 5 20 4 17 3 5
8 5 1 6 3 9 5 16 4 7 2 13 5 4 7 1 20 2 5 3 2 5 6 2 2 19 4 9 5 3 5 4 14 5 7 2 12 1 13 3 2 18 3 5 5 9 5 2 14 4 9 1 17 5 13 3 12 1 3 4 1 1 16
8 1 5 10 2 3 16 5 9 4 5 10 2 17 1 12 3 4 4 3 8 4 12 5 8 2 16 2 1 11 4 18 5 1 4 5 15 4 16 3 8 2 9 2 3 16 1 3 1 5 16
6 4 2 9 5 8 4 16 3 7 4 2 6 1 11 5 19 4 4 3 3 11 2 8 4 16 4 2 19 5 12 1 7 4 15 1 1 11 3 1 17 4 14 3 15
4 2 3 7 2 8 5 3 3 2 6 5 14 4 9 1 14 4 5 5 2 16 1 20 3 14 1 4 18