25 5
6 1 4 13 3 5 12 4 3 1 7 4 1 11 2 11 5 5 4 5 3 3 14 4 9 1 8 4 4 17 5 11 3 19 2 4 3 3 2 1 15 2 13
6 3 4 9 3 5 1 13 5 2 8 4 12 3 10 5 8 1 11 4 5 2 1 7 2 13 3 18 4 1 9 3 12 5 15 4 7 1 1 7 3 3 4 5 2 1 9
4 4 5 19 1 15 2 10 4 3 3 1 4 3 3 4 5 5 5 4 4 13 2 19 1 12 3 13 5 4 7 5 13 3 17 1 3 2 4
6 5 3 4 2 13 4 13 1 14 5 6 5 4 9 2 13 3 10 5 2 1 11 3 5 5 4 11 1 5 5 3 13 5 11 1 6 2 20 4 15 4 2 6 5 12 1 5 4 13 1 5 10
7 2 3 6 5 20 3 2 14 3 4 4 13 2 3 13 1 7 5 2 2 5 18 4 6 1 20 3 6 1 5 5 3 2 3 1 18 3 10 1 1 17
8 4 5 9 2 13 3 20 1 17 1 2 3 2 5 3 4 15 2 3 6 4 4 2 5 17 2 5 2 3 12 2 12 4 3 9 5 7 1 9 2 9 3 2 9 4 19 5 12
7 2 2 4 3 5 2 2 7 3 15 4 5 16 1 13 3 8 4 13 1 3 15 1 1 2 1 5 9 4 4 10 1 5 5 18 2 3
7 1 2 8 4 2 5 3 20 4 6 5 15 3 1 9 5 2 2 7 2 2 18 3 4 1 4 8 5 3 10 5 16 1 18 2 20 4 6 1 3 8
5 5 4 17 1 5 3 17 5 20 2 3 4 5 16 4 15 2 10 1 8 1 4 5 3 5 4 3 16 2 18 2 1 20 2 11
6 3 3 16 2 7 5 8 5 3 15 1 5 2 9 5 16 4 14 3 2 16 1 10 3 14 3 5 3 1 5 3 9 5 3 7 2 20 1 7 5 20 4 4 1 4 19
6 3 4 8 5 18 3 11 4 5 18 2 3 1 5 4 20 3 4 20 2 8 3 9 5 5 12 1 14 3 4 4 13 2 5 5 2 6 1 8 4 3 5 6 3 5 5 4 19 2 19 5 15 3 19 1 12
7 4 3 14 2 19 1 18 4 14 1 4 16 5 5 13 3 10 4 9 1 6 2 6 5 4 4 3 9 5 16 1 14 2 19 2 2 12 5 12 1 5 5 2 5 18 4 7
4 1 1 9 4 1 18 2 10 5 19 3 6 3 4 18 2 2 5 20 5 2 15 1 5 3 3 5 16 4 17
7 1 5 4 2 1 16 4 8 4 3 19 4 9 1 7 2 11 5 5 10 3 13 4 7 1 7 2 9 3 5 20 3 17 1 9 4 3 8 1 12 2 3 4 20 2 5 8 3 8
6 1 5 14 2 3 17 1 20 2 3 17 2 19 3 4 7 5 13 2 7 4 4 7 5 4 2 7 1 4 2 1 9 4 17
4 3 4 8 1 10 3 7 4 4 4 2 3 3 5 5 5 1 3 14 5 3 2 2 16 4 20 1 14 5 6
6 5 5 15 3 7 1 7 4 15 2 9 4 1 15 4 5 2 7 5 20 1 2 10 1 4 16 4 4 3 2 16 5 4 1 7 4 1 8 3 14 5 17 4 9
4 5 3 6 2 5 5 14 4 11 1 6 3 2 5 4 11 3 17 2 5 20 2 7 5 5 8 2 14 4 2 3 10 1 15
5 5 4 5 2 20 5 6 1 10 3 7 3 4 18 2 4 5 14 1 5 19 5 1 10 5 7 2 5 3 6 4 19 1 5 8
8 2 3 7 4 3 3 4 7 1 7 2 12 4 5 15 2 5 1 9 3 17 5 3 7 1 2 2 2 4 20 5 15 3 4 9 3 20 5 14 4 3 2 4 4 1 7 5 13 4 1 13 3 2 2 13 4 5 1 2 20
6 5 4 10 5 15 1 19 2 20 3 16 1 5 7 4 4 17 2 3 5 4 3 8 2 4 12 1 6 1 2 8 1 3 15
7 2 5 19 2 17 1 3 5 5 3 15 1 9 2 4 5 3 4 12 5 3 4 5 12 2 20 4 2 1 14 4 4 6 2 6 1 18 5 11 2 5 16 2 20 2 3 20 4 18
8 3 5 11 2 11 4 9 3 4 9 2 6 5 18 3 3 19 1 9 4 9 4 4 10 3 7 5 18 1 11 5 5 9 3 8 1 2 4 10 2 19 3 4 2 5 3 1 10 1 5 13 3 3 6 1 16 2 10
8 2 1 20 5 19 4 5 5 2 6 1 13 4 2 2 2 5 3 2 5 3 15 2 20 4 14 1 15 5 3 3 1 17 4 15 2 19 1 4 18 1 2 4 5 2 15 1 7 3 13 4 18 5 16
4 1 4 10 3 2 14 5 9 3 6 2 1 4 3 12 1 2 15