25 5
7 4 1 5 3 8 2 11 5 8 5 3 10 1 19 2 2 4 10 5 4 2 2 18 5 12 1 4 7 4 3 9 5 5 1 4 4 4 1 2 8 4 5 2 2 11 3 13 4 15
7 3 3 8 2 13 1 5 5 4 2 3 3 5 4 2 4 1 19 4 2 11 5 14 3 18 4 11 2 3 7 5 4 4 3 10 4 15 2 4 5 3 4 2 16 5 11 3 16 1 5 2 4 10 2 3
5 5 5 3 2 12 3 17 4 12 1 11 2 1 16 5 4 2 1 7 3 20 5 1 13 4 3 3 18 5 14 2 16 1 2 2
6 5 2 7 5 20 3 17 1 3 4 15 5 1 4 3 4 2 11 4 11 5 17 4 1 3 4 20 3 18 2 4 3 1 5 4 3 5 7 4 4 20 2 16 3 12 1 4 2 3 2 2 11
4 5 3 13 2 4 5 7 4 15 1 18 3 5 6 3 14 2 18 2 1 8 2 13 3 4 13 1 7 3 8
5 2 5 11 4 20 4 2 18 4 7 3 12 5 4 5 2 8 5 19 1 12 3 18 4 4 1 3 20 2 5 3 4 12
6 4 4 14 5 15 3 11 2 11 2 3 14 4 6 5 1 5 2 2 5 20 3 15 4 12 2 2 14 3 11 4 3 17 1 9 4 20 5 14 2 1 10 2 10
4 3 3 6 4 18 1 18 3 3 7 4 6 1 12 3 4 14 3 9 5 14 5 4 9 2 15 5 5 1 13 3 19
8 4 2 14 1 14 4 4 5 20 1 1 2 1 5 7 3 3 11 1 8 2 9 1 1 16 4 2 14 3 13 5 19 4 20 3 2 5 1 10 3 8 1 3 15
6 3 1 10 3 6 4 13 3 4 19 5 20 2 2 1 3 9 1 2 2 4 5 13 4 19 2 5 3 15 2 2 20 4 13
7 2 4 2 1 12 1 5 15 1 3 20 3 4 19 2 18 1 12 5 3 10 4 13 2 10 1 7 5 6 4 1 20 3 12 2 9 4 7 3 2 3 1 3 4 5
7 2 4 6 1 7 5 5 14 1 19 4 19 2 4 3 18 3 1 11 4 8 2 14 3 5 20 4 16 2 18 2 3 16 5 9 3 3 17 5 4 2 11 2 2 11 3 14
5 5 5 6 4 17 3 9 2 5 1 20 1 3 8 1 4 15 1 5 5 1 2 14
4 2 5 7 4 4 4 5 14 2 20 4 5 3 11 3 4 5 2 14 3 13 2 5 4 2 9
7 5 2 10 4 6 3 5 1 11 5 5 4 4 4 3 17 2 17 5 9 5 2 10 3 16 5 10 1 10 4 6 5 5 14 4 20 1 16 2 19 3 12 3 5 3 3 8 2 8 5 2 20 4 14 1 11 3 12 5 14 4 3 10 4 12 2 4 1 9
6 4 5 3 3 14 1 5 4 5 5 1 4 5 16 4 14 3 14 2 8 2 3 5 5 16 1 5 11 1 4 11 5 5 3 4 2 1 17 2 6 3 2
5 3 1 11 5 5 2 3 4 2 19 4 17 1 11 5 13 3 5 5 1 16 2 15 4 3 6 1 15 4 19 5 15 4 1 3 3 3 5 13 4 2
5 4 5 7 4 14 1 19 3 16 5 5 17 1 11 2 19 3 20 4 15 1 1 4 4 5 16 3 9 1 6 2 4 3 1 7 5 11 3 14
8 2 5 9 1 11 2 3 3 5 10 4 2 15 3 16 4 19 1 5 1 1 15 5 5 2 3 2 1 2 4 5 2 13 1 2 12 1 5 12 3 4 12 1 13 2 10
5 4 4 7 5 20 1 13 2 19 1 1 16 3 3 17 2 19 4 12 5 2 20 4 5 3 7 5 19 1 13 2 3 7 2 3
7 4 5 12 1 10 2 11 3 4 1 3 2 2 3 18 2 14 3 1 8 5 4 3 5 4 2 5 4 8 1 6 3 20 3 4 13 3 20 2 9 2 5 11 1 9
5 4 5 6 3 4 1 4 2 14 3 3 9 1 5 2 7 4 1 11 2 20 5 15 4 16 5 2 19 3 4 1 5 4 11 5 4 3 4 18 5 14 1 11
6 2 1 3 4 10 2 3 16 1 16 4 1 12 4 12 2 19 5 6 3 2 14 3 2 1 4 4 5 16 2 16 4 2 3 4 1 1 8
8 5 2 5 3 19 5 17 1 20 4 20 4 5 3 4 4 1 3 2 15 1 2 17 2 4 9 5 17 5 5 11 4 4 1 8 2 13 3 12 2 5 10 2 20 2 1 16 5 4 5 3 19 4 7 2 9 5 17 1 19
4 3 3 19 2 4 4 13 5 2 4 5 13 3 13 4 16 1 5 2 3 7 5 19 2 4 9 2 14