25 5
6 1 4 4 4 2 20 3 12 1 5 4 7 1 3 2 3 2 18 1 19 4 15 2 5 6 4 9 1 4 13
8 1 3 13 1 2 12 5 5 9 4 10 1 4 2 6 3 13 2 3 12 5 13 1 1 6 2 5 18 1 3 3 2 17 4 3 5 20 5 4 4 1 12 5 8 3 11 2 13
4 5 1 8 3 11 4 2 5 12 2 18 5 5 10 1 18 4 6 3 8 2 7 2 5 11 4 16 4 5 8 1 15 2 8 3 13
8 5 5 9 4 8 1 15 2 14 3 6 3 4 7 2 6 3 14 1 2 18 2 3 16 4 16 1 4 19 4 2 20 3 4 4 11 5 15 3 1 10 2 18 5 3 4 5 2 1 2 3 9 4 10
4 1 2 8 1 3 12 3 2 10 4 4 3 6 2 1 17 2 4
5 3 5 13 2 7 1 14 2 4 6 5 9 4 1 3 4 5 2 4 3 16 5 2 8 5 2 3 15 4 3 1 14 1 1 14
5 4 1 13 3 13 2 8 5 9 4 4 2 2 12 3 2 1 5 2 5 12 1 13 1 3 8 4 1 11 5 20 4 6 3 16
4 2 2 20 1 10 3 4 8 3 3 2 14 2 2 8 4 19 1 3 14
7 3 1 11 4 13 3 8 1 3 4 5 3 15 1 5 5 19 2 19 4 2 5 4 8 3 4 5 9 1 11 2 17 4 1 20 5 5 4 19 2 12 5 4 5 3 5 5 12 2 11 1 14 5 1 12 3 11 4 11 2 19 5 3
5 5 5 17 1 7 4 3 3 19 2 4 1 1 3 4 1 20 4 3 2 3 3 7 3 2 6 4 19 3 15 4 4 5 2 6 1 12 3 13
8 2 3 3 5 20 5 2 15 3 15 1 9 4 14 5 18 4 3 19 4 6 5 11 2 2 1 3 3 1 5 10 2 3 5 4 8 3 5 10 4 2 2 14 1 4 20
7 5 5 2 4 6 1 7 2 4 3 12 5 3 18 2 10 1 2 5 7 4 3 2 1 15 3 8 1 2 19 5 2 12 1 10 5 11 4 14 3 7 4 2 7 1 17 5 4 4 10 3 2 3 4 6 5 3
4 4 3 6 4 4 1 14 2 19 5 2 5 4 12 5 10 1 4 3 20 3 3 8 5 9 4 6 1 4 3
6 4 2 10 5 3 1 7 3 13 4 4 20 2 10 1 5 5 3 2 3 18 4 4 4 1 3 4 14 3 14 5 17 5 4 5 1 8 3 16 2 7 5 8 1 5 13
8 4 3 6 1 13 5 8 4 15 5 4 13 3 6 5 14 1 15 2 6 1 4 19 3 3 6 1 5 5 13 5 5 2 4 6 3 13 2 8 1 2 3 5 10 2 3 3 18 1 1 4 3 4 19 1 18 3 13
6 5 4 2 2 17 5 12 3 3 1 17 4 3 14 2 5 1 20 5 8 1 3 7 3 3 4 5 4 4 16 1 1 12 1 1 14
4 5 4 19 5 10 3 15 1 5 2 12 5 1 13 2 3 3 12 4 5 5 3 3 3 11 2 20 1 19 5 1 16 5 10 3 7 4 8 2 11
8 5 2 5 5 10 3 12 1 18 4 5 5 2 8 1 20 4 3 3 5 5 11 5 3 3 2 18 5 9 1 9 4 5 5 1 19 4 13 2 15 5 15 3 9 2 4 19 3 11 5 4 8 5 12 1 16 3 6 2 19 2 5 19 3 17 4 2 20 3 20 1 17 4 20
7 4 2 8 3 6 5 6 1 5 1 4 6 1 3 4 1 2 11 3 3 20 5 17 4 16 5 5 10 2 4 1 19 3 7 4 3 5 1 12 2 11 3 6 5 4 4 5
8 3 3 20 1 13 5 16 4 3 15 2 8 1 20 5 7 1 1 10 5 2 15 3 9 5 17 1 6 4 10 5 3 14 2 17 1 5 4 18 5 12 4 3 20 5 5 4 12 1 20 4 4 19 2 14 1 17 3 2 4 5 14 3 15 2 17 4 19
7 5 4 18 5 17 1 13 2 13 3 5 4 5 4 4 16 2 7 1 7 2 5 19 1 8 1 4 10 5 2 3 1 3 4 11 5 11 3 12 5 1 14 2 4 5 16 4 17 3 7 2 1 3 2 16
5 1 3 2 1 1 20 4 1 4 5 11 2 4 3 6 2 5 14 3 5 4 1 2 4 17 2 20 3 17
5 5 5 6 1 20 2 19 4 14 3 20 3 3 16 4 2 5 17 4 3 12 4 5 5 4 2 2 2 1 3 5 16 5 4 11 1 11 5 15 3 4 2 9
8 3 5 9 4 4 2 12 5 2 13 4 14 3 2 1 19 5 19 4 5 7 3 3 4 20 2 16 1 3 10 1 2 13 2 4 10 1 17 3 4 2 1 6 5 4 2 4 9 5 7
8 1 2 7 1 3 3 1 4 2 4 2 12 4 19 1 14 3 5 1 2 3 2 5 16 3 19 3 1 11 4 7 3 6 5 3 20 2 2 4 5 5 18 1 19