25 5
8 5 2 11 1 10 4 11 3 17 5 5 1 3 4 5 5 6 3 19 1 20 4 15 2 7 2 3 19 1 19 2 4 13 1 13 2 1 9 2 12 4 2 20 5 6 3 13 4 18 5 2 13 3 9 1 20 5 10 4 4
8 1 2 18 3 2 18 5 16 1 6 2 3 7 5 9 2 2 9 5 18 3 3 9 1 12 4 16 1 5 2 1 3 8 1 5 8
6 4 2 16 3 4 5 6 4 17 4 1 7 5 3 4 4 3 10 2 1 9 5 17 4 1 9 3 19 5 18 4 3 2 2 11 5 9 1 3 12
5 1 5 17 4 4 14 5 12 1 2 3 12 4 3 5 4 8 1 17 5 4 1 3 9 4 5 20 1 6 3 17 2 16
4 2 2 19 5 12 3 2 15 5 2 4 19 5 1 17 3 2 5 2 2 14 4 3 4 1 11 4 7 3 2 5 18
6 5 1 18 2 6 5 19 3 18 4 2 4 2 5 5 4 3 20 1 3 4 5 7 3 7 2 7 4 15 4 2 16 3 8 1 5 5 10 5 3 8 2 16 1 3 5 13 4 7 5 5 5 4 9 1 2 2 13 3 15
4 2 5 16 4 6 4 1 17 3 7 4 20 2 13 5 2 11 5 10 4 13 3 20 1 14 3 3 10 5 20 4 11
7 2 1 13 4 17 1 3 6 1 2 14 5 3 7 4 11 1 20 2 17 5 10 1 4 9 2 5 19 3 19 5 4 15 1 2 5 15 3 4 2 3
5 2 4 7 1 7 4 3 6 2 7 4 4 5 12 3 5 13 1 12 4 17 1 2 16 4 4 19 1 4 3 18 2 4
7 2 4 2 2 16 5 3 3 1 7 2 15 4 13 5 6 5 1 14 2 10 5 10 4 10 3 10 5 2 17 5 8 1 15 3 10 4 7 1 3 16 3 1 11 5 10 4 10 3 3 12 1 11 5 9
7 5 5 18 3 10 1 10 2 9 4 3 1 3 9 1 3 18 4 3 17 4 11 2 13 1 18 5 5 19 1 20 2 5 4 4 3 13 5 1 9 5 12 2 20 4 7 3 13 2 5 13 1 12
5 5 3 18 1 8 4 16 5 5 2 10 5 3 3 5 10 4 13 1 17 2 18 4 5 17 3 2 2 3 1 9 3 2 15 3 7 5 14 1 5 15
8 5 2 4 1 7 4 16 5 17 3 5 2 4 15 1 9 3 1 3 2 14 3 13 4 3 9 5 15 4 11 2 19 2 2 7 4 6 2 4 7 1 12 3 1 13 5 18 3 19 3 3 9 2 4 5 13
6 5 2 17 3 15 1 5 5 12 4 6 3 3 15 1 14 5 10 1 5 19 1 4 5 3 1 15 2 9 5 6 4 5 20 4 5 3 14 2 8
4 4 3 5 5 7 2 10 1 9 2 4 19 1 13 5 1 4 3 13 4 2 5 17 2 12 5 1 17 5 11 2 13 4 6 3 15
4 4 1 6 5 2 3 5 4 4 5 2 3 3 16 5 17 4 20 1 13 3 4 4 1 3 5 14 2 3 9 4 5
5 5 1 16 5 15 2 20 4 17 3 16 3 4 7 5 7 1 12 3 4 4 3 9 2 14 2 5 14 3 7 4 3 9 1 10 5 14 2 3
8 3 3 19 1 6 4 12 3 3 9 2 13 1 5 3 5 8 2 3 4 5 5 3 3 5 5 4 5 2 6 1 18 1 1 4 4 1 5 5 12 3 19 2 9 3 5 3 2 3 3 18 3 3 5 1 7 2 11
4 3 3 10 4 4 1 17 3 3 9 5 4 1 18 3 3 10 4 16 1 14 5 4 14 1 18 5 8 3 18 2 6
4 1 3 11 5 2 5 1 20 5 10 3 10 4 4 5 2 16 1 11 5 11 4 10 3 20 1 3 11
6 3 2 2 5 11 3 6 3 3 15 2 14 5 8 4 3 11 1 9 5 3 2 20 4 3 9 4 20 1 20 2 15 3 4 18 2 20 5 18 4 5 13 3 18 2 5 1 13
7 5 1 3 2 18 3 7 5 18 4 2 3 5 11 2 15 4 5 2 3 15 4 6 4 1 19 4 14 2 15 5 3 1 5 15 1 5 3 5 2 10 5 5 1 6 3 14 4 9
5 3 1 20 3 9 2 5 1 5 11 2 3 5 5 16 1 2 17 2 2 6 1 11
4 2 3 15 1 8 2 4 17 1 16 5 2 3 5 12 1 7 3 9 4 20 5 4 4 1 9 2 14 3 8 5 19
5 4 1 2 3 10 4 11 2 18 4 3 7 2 7 1 12 5 9 1 5 11 1 3 3 3 1 17 5 15 2 3