25 5
5 4 5 18 3 5 1 15 4 19 2 4 12 2 7 3 5 4 4 20 3 18 1 5 11 1 1 6
5 2 2 14 5 13 4 2 15 1 11 5 7 4 18 2 3 16 1 7 1 1 20 5 5 2 4 3 2 10 1 6 3 11
7 2 4 8 2 9 3 5 14 4 4 3 4 2 1 2 5 20 4 2 12 3 3 1 19 5 8 3 1 18 2 4 3 7 1 5 3 4 2 6 4 9 1 20 3 4
5 1 1 10 2 3 18 1 16 1 4 13 2 3 7 2 12 1 2 9
7 3 1 3 5 15 4 17 2 1 17 4 11 3 2 9 3 14 1 19 3 4 14 5 17 2 3 1 3 12 4 4 5 3 10 5 20 1 17 2 1 5 3 5
5 3 1 6 5 19 2 2 1 2 11 4 1 10 5 17 2 16 4 15 5 4 5 2 12 1 17 3 17 5 19 2 4 20 5 15
6 1 4 2 5 3 14 2 11 5 14 4 13 1 3 5 1 13 2 10 5 16 4 14 3 5 1 4 16 2 1 2 4 19 4 2 2 5 20 1 12 4 18
8 1 1 12 3 3 4 2 17 4 18 4 2 14 3 4 1 18 4 7 4 1 2 4 6 5 5 3 20 2 5 17 4 12 4 4 4 2 10 3 12 1 20 4 5 18 2 8 1 15 4 3 2 2 9 3 17
4 3 3 11 4 20 2 12 5 4 13 2 5 5 20 3 2 1 4 3 4 10 3 7 5 18 3 2 8 1 17 5 18
7 5 2 19 3 16 1 16 4 8 5 12 3 4 16 5 5 3 5 2 5 20 4 4 1 5 2 3 3 5 2 9 4 15 2 2 20 1 8 4 3 5 1 7 4 8 2 13
7 2 3 12 2 9 2 4 15 3 8 2 5 9 2 20 4 5 5 1 17 4 20 3 4 4 3 18 2 18 1 18 4 12 4 1 11 4 20 5 6 2 19 2 3 4 4 19
7 2 2 20 3 10 5 2 19 3 18 5 2 4 6 1 4 2 4 3 3 6 3 4 13 1 7 3 19 2 4 15 3 5 2 4 20 1 14 3 1 2 5 15 4 9
5 4 3 15 5 4 4 11 2 20 1 4 5 4 5 14 3 13 4 4 1 2 2 4 6 3 13 1 5 20
7 2 2 9 5 16 4 1 6 2 14 3 4 5 5 5 1 3 2 15 4 6 3 17 5 4 4 5 19 3 7 4 3 1 12 2 5 16 1 5 1 4 8 4 5 10 4 20 2 17 3 18
8 4 1 19 4 2 3 20 5 3 4 1 14 5 9 4 16 3 3 1 4 3 3 4 7 5 2 3 17 4 2 13 3 6 5 18 1 20 3 2 16 5 15 4 14 4 5 13 1 11 3 17 4 19 4 3 2 4 8 1 19 5 7
8 1 5 19 2 5 2 3 18 4 1 7 3 20 2 13 5 19 1 4 14 2 1 4 2 9 3 2 15 1 17 3 15 5 4 11 1 2 2 20 5 15 3 20 1 5 7
4 1 1 17 4 4 11 3 9 1 19 2 16 2 1 2 5 5 4 1 9 4 9 5 19 3 3
5 4 2 15 5 16 4 20 3 19 2 2 17 4 8 5 4 5 5 11 1 4 2 7 3 4 4 3 19 4 9 5 17 2 19 4 3 17 2 4 1 11 4 19
5 2 2 10 4 3 1 5 6 3 1 5 3 20 4 15 2 1 3 2 7 5 1 3 3 13 5 9 2 8 4 19
5 5 5 17 1 14 2 19 3 18 4 10 5 1 7 5 10 3 16 2 9 4 14 4 1 5 3 12 5 7 4 7 4 1 6 5 10 3 19 4 15 2 1 5 5 4
5 2 4 15 1 17 2 1 8 3 8 5 4 11 5 18 2 8 1 8 3 6 2 2 11 4 12 1 4 7
5 4 4 8 2 14 3 4 5 18 3 1 8 4 14 2 2 3 1 20 3 6 2 8 4 2 13 1 7 4 14 5 16 4 4 18 1 4 2 9 5 13
8 4 3 3 2 17 4 3 1 4 3 4 9 2 15 3 17 5 5 9 2 10 1 16 3 6 4 18 1 1 18 1 4 13 1 4 8 3 4 13 5 4 2 17 2 5 19 2 7
8 1 3 4 4 1 4 4 13 3 19 5 18 5 5 20 3 16 4 9 1 2 2 5 3 4 16 5 10 3 20 5 3 5 1 3 2 8 5 9 4 6 3 1 14 2 15 4 18 4 3 20 4 12 2 17 5 10 1 3 5
5 4 4 4 2 4 3 3 5 17 2 4 5 2 4 2 3 16 1 2 1 2 6 5 2 2 5 8 3 11 4 13 1 19