25 5
7 5 2 17 4 13 5 3 3 12 1 8 1 2 6 3 5 17 3 6 2 3 1 5 12 5 2 8 5 19 4 12 3 10 1 5 4 1 8 4 13 2 2 3 9 2 1 5 2 16
6 1 5 2 2 4 12 3 16 1 5 20 4 5 17 3 8 2 19 4 11 3 3 14 4 6 5 15 2 1 19 4 8
7 3 1 4 4 8 5 7 2 3 3 2 10 4 3 14 1 10 4 17 2 5 5 2 12 1 7 3 2 5 10 4 3 4 3 5 1 10 5 12 2 3 5 3 17 1 10 4 13 5 6 2 9 2 4 14 5 9
7 1 2 9 5 2 6 5 19 3 18 1 18 4 10 4 1 20 5 20 3 17 2 3 4 1 6 3 18 2 17 4 14 5 1 16 4 17 5 16 2 2 3 17 2 2 20 1 10 1 3 9
7 5 3 17 2 12 5 19 4 7 1 17 5 5 16 3 13 1 19 4 9 2 7 4 5 16 1 7 2 12 3 8 4 2 4 5 3 1 17 3 9 5 2 9 4 2 3 11 1 15 5 19 3 4 13 2 15 3 14 4 3 19 2 10 4 2 5 17
4 5 5 20 3 3 4 6 2 9 1 9 1 1 5 2 5 11 1 12 2 2 14 5 5
6 1 1 10 5 1 5 4 14 2 9 3 13 5 5 4 5 5 3 2 2 13 1 6 3 5 15 2 8 4 8 5 1 10 3 17 4 7 2 10 5 4 3 2 13 3 10 5 9
6 1 5 13 4 3 2 1 19 5 16 4 4 5 5 19 1 9 3 9 2 7 4 2 1 1 16 1 3 16 2 5 19 1 14
8 5 1 17 4 19 2 5 5 8 3 14 3 2 12 1 13 5 8 1 2 2 5 3 6 1 19 5 7 4 8 2 3 3 1 20 3 16 2 15 1 4 9 2 1 7 4 5 4 5 8 4 6 1 3 3 14
6 1 3 10 5 5 16 3 7 2 3 4 20 1 6 4 4 8 3 7 1 16 5 16 3 1 13 5 2 4 12 1 3 9 1 5 10
8 4 4 11 1 4 5 11 2 13 4 5 20 1 12 4 13 3 15 1 4 3 1 3 9 4 2 3 3 2 4 15 5 18 5 3 20 1 13 4 11 5 20 2 2 4 3 11 2 2 5 11 4 6 4 3 4 4 12 5 6 2 12
7 4 1 18 2 10 3 17 5 9 1 4 18 4 4 18 5 6 2 17 1 10 5 4 10 3 4 2 17 5 20 1 2 1 3 14 3 1 14 3 4 4 16 4 5 8 1 5 2 14 4 2
7 5 1 19 3 20 4 4 2 2 5 13 2 2 10 5 20 5 3 6 1 16 5 18 2 15 4 15 3 2 9 4 4 3 2 5 4 6 1 3 3 17 2 4 5 10 4 4 19 1 15 5 9 2 17 4 2 16 3 11 4 18 1 13
6 2 1 4 2 5 2 2 6 4 13 5 2 12 4 8 1 8 3 8 5 15 5 3 18 2 9 1 15 4 8 5 11 5 5 11 4 15 2 9 3 16 1 17 2 2 2 5 13
6 3 5 6 3 6 1 19 1 2 13 5 2 4 4 15 1 17 5 9 3 4 3 2 8 3 8 1 9 4 5 19 2 3 3 14 4 12 4 5 10 2 17 3 7 4 17
4 1 4 5 3 1 4 3 11 2 19 2 2 10 4 17 3 4 4 1 18 2 16
5 5 1 19 5 16 4 2 3 18 2 2 4 1 5 4 12 5 6 3 18 5 3 17 2 12 5 13 4 2 1 16 1 4 16 5 3 7 5 18 1 13 2 13 4 18
4 3 4 8 5 7 2 16 2 2 5 3 18 2 5 10 1 8 4 3 8 4 6 2 8 1 16
7 4 3 17 1 10 4 5 5 18 5 1 19 2 4 3 11 4 8 5 2 5 2 8 5 9 4 4 1 9 3 13 3 1 7 2 13 4 11 3 1 17 4 10 3 10 3 3 12 2 12 4 9 2 1 9 5 17
6 5 4 13 5 20 2 14 1 11 3 14 5 2 3 1 3 3 12 4 7 5 17 5 3 9 5 20 4 10 1 9 2 8 2 4 16 5 16 2 2 12 3 13 4 2 16 1 15 4 11 3 13
4 3 4 12 2 15 5 15 1 2 2 4 5 3 3 4 2 10 1 20 3 1 5 4 18 2 14
8 4 4 11 5 10 2 7 1 6 2 2 19 5 17 3 5 9 2 6 1 16 2 3 15 5 19 3 2 18 3 9 4 19 1 4 18 1 2 20 1 1 19
8 3 3 18 2 16 1 10 5 3 14 5 16 2 14 1 15 4 10 3 4 5 3 3 5 19 1 2 17 1 5 2 3 5 6 4 15 3 2 5 2 10 1 13 3 20 4 15 5 8 1 2 5
4 1 4 15 3 4 4 5 18 2 16 1 2 8 5 2 10 4 13 3 9 1 6 5 6
6 1 5 16 1 2 17 2 4 9 3 9 5 4 12 1 5 3 14 5 13 2 12 1 1 4 5 4 5 1 15 5 12 2 20 3 10