25 5
5 1 1 12 5 2 7 3 10 5 19 1 15 4 7 4 2 11 5 14 4 17 1 15 4 2 19 3 19 1 14 5 11 2 4 13 5 2
4 5 1 2 5 13 4 19 2 13 3 20 2 4 6 3 15 4 4 3 5 15 3 10 2 13 3 5 14 3 10 1 10
8 2 3 19 5 9 4 1 18 4 5 3 17 2 8 3 1 5 5 12 3 3 3 1 3 3 16 2 16 4 1 4 5 3 4 17 3 20 4 5 16 1 16 4 12 2 13 5 3 5 5 17 2 9 4 16 1 9 1 4 4
8 2 3 3 5 19 1 3 6 3 1 6 2 4 4 2 1 5 10 1 3 11 5 1 19 3 20 2 4 4 7 5 10 1 1 14 3 3 12 1 8 5 15
6 1 1 3 3 3 8 4 20 1 14 4 1 8 3 6 4 12 5 8 4 4 7 3 18 2 16 5 20 1 4 2 3 3 8 5 5 2 13
4 4 1 11 2 16 4 12 3 11 1 2 14 1 5 8 2 4 7 5 14
5 3 3 19 4 20 5 18 4 2 7 5 15 3 5 1 19 1 5 15 3 5 8 4 20 3 7 5 3 5 5 18 1 9 4 14 2 9
6 3 4 10 1 14 2 7 5 1 4 2 19 5 5 3 7 4 5 1 4 11 4 2 2 3 14 4 5 1 2 4 5 11 4 13 2 19 3 20 4 1 6 3 4 4 10 5 15
6 1 3 17 4 1 9 5 6 4 19 3 7 1 4 16 2 1 3 3 15 1 1 11 2 4 7 1 14
4 1 3 9 5 2 4 5 20 1 7 4 13 3 13 3 2 17 3 3 4 2 2 5 12 2 13
6 4 5 7 1 4 3 15 2 10 2 2 13 4 10 3 3 12 4 14 5 19 4 1 14 5 11 4 16 3 19 5 5 11 2 7 4 20 3 2 1 6 2 5 7 3 19
7 1 3 19 1 2 19 5 2 19 4 3 3 8 1 13 5 15 4 1 8 2 12 5 7 3 3 2 3 6 1 15 4 5 9 4 12 2 5 1 2 2 5 7 2 11
6 2 4 15 2 3 5 3 15 5 12 2 16 4 9 1 7 1 1 16 3 3 7 1 2 2 16 3 3 18 5 8 4 4 5 5 10 2 8 3 9 1 11 4 7
4 4 5 3 3 15 4 10 2 7 2 2 12 4 15 1 2 10 4 2 20 3 18 4 18 5 6
4 2 4 13 3 8 2 5 13 3 9 2 3 4 1 18 4 5 12 1 7 3 18 4 12
8 4 3 16 1 5 4 20 5 6 2 3 11 5 9 3 5 7 2 13 4 13 3 5 20 1 17 3 9 2 2 7 3 8 5 5 19 3 6 4 4 1 11 2 2 2 4 7 1 13 3 4 5 5 7 1 16
4 2 4 17 2 17 1 1 5 1 5 12 5 4 4 1 8 3 5 5 6 2 16
4 3 1 7 2 16 4 20 1 4 15 3 5 4 1 11 2 14 3 1 18 5 6 3 7
8 3 3 17 2 20 4 16 5 3 15 2 13 1 3 5 15 4 2 5 1 11 4 9 3 19 5 18 2 19 2 4 12 3 2 2 5 9 4 9 3 5 10 3 18 1 17 1 1 18 5 5 16 1 9 3 18 2 2 4 5
4 1 5 20 4 5 9 2 15 1 16 4 13 3 4 8 3 17 2 3 5 1 19 2 15 3 15 4 10 5 18
7 4 4 8 2 15 5 18 3 3 1 5 20 5 4 12 3 16 2 19 5 15 1 7 2 4 20 3 2 1 5 15 1 5 14 2 1 7 3 2
5 5 4 8 2 17 1 2 3 15 5 6 5 3 10 5 18 2 2 1 13 4 18 4 3 2 2 13 1 12 5 6 2 1 10 3 11 5 3 19 4 8 1 11 2 3 5 5
6 5 3 12 2 20 5 9 4 7 1 5 4 3 8 4 19 1 15 5 6 2 2 16 3 10 5 2 17 5 13 3 19 4 13 1 6 4 3 8 4 13 2 19 5 16 4 5 16 2 7 4 7 3 2
5 3 5 12 3 17 1 7 5 3 17 5 16 1 4 4 18 2 17 4 2 14 4 9 5 15 1 7 3 5 11 3 7 2 19 2 3 12 4 8
6 2 4 20 2 19 1 5 10 4 3 19 2 18 1 19 5 16 4 2 10 4 16 3 12 1 14 4 3 18 2 14 5 9 4 10 5 1 19 3 16 4 11 5 20 2 10