25 5
7 4 2 4 5 7 1 4 3 15 4 4 9 3 14 2 3 1 20 2 5 5 4 4 3 4 18 5 20 3 6 2 3 7 1 14 4 1 15 5 2 4 15 2 15 1 2 19
6 3 4 16 3 14 2 8 2 5 13 3 18 2 4 13 2 19 2 4 5 2 17 2 5 3 3 16 4 1 7 5 11 3 13 2 2
4 3 4 17 1 7 3 20 1 4 2 5 4 12 3 5 5 7 1 18 2 17 1 2 5
5 2 2 2 3 6 5 1 8 2 11 5 3 4 3 3 8 2 1 5 4 19 5 4 12 1 19 2 12 5 7 3 5 4 1 7 4 10 3 5 2 6
7 4 2 12 3 5 5 6 1 7 3 4 9 5 5 2 14 4 5 7 2 5 1 19 4 20 1 3 4 2 2 8 5 3 1 5 13 4 2 2 4 19 1 17 3 14
5 3 5 19 1 6 3 20 3 1 6 5 3 4 10 2 1 13 3 12 4 1 18 3 5 5 14 2 19 1 2 20
6 5 5 18 1 5 4 14 3 6 2 11 4 2 6 5 9 4 14 3 6 5 1 15 3 3 5 14 4 16 2 13 5 1 12 5 12 4 11 3 13 2 17 5 4 14 3 2 2 4 5 17 1 18 1 3 15
8 4 4 16 3 8 5 16 1 20 1 1 18 4 1 20 4 19 3 6 5 17 2 5 12 2 10 2 5 17 2 15 2 2 6 3 20 2 5 15 1 16 4 2 15 1 9 5 8 3 3
6 2 1 19 5 13 1 2 17 5 2 7 5 15 4 13 3 16 1 16 3 2 6 5 4 3 11 3 3 16 4 15 5 13 1 2 15
6 1 5 11 5 4 6 3 11 2 17 5 15 1 9 5 1 17 4 19 5 12 3 18 2 16 3 1 3 4 2 3 3 4 1 5 2 20 5 5 4 18 5 4 20 5 14 1 16 2 2 3 9
8 2 1 17 2 3 1 1 18 1 4 5 2 3 13 2 2 4 4 6 3 20 1 12 2 11 1 4 9 1 3 3 5 4 8 5 17 3 7 1 4 2 8
5 5 1 2 3 18 4 7 2 11 5 5 5 4 11 1 8 3 6 5 9 2 14 1 4 5 4 4 16 2 8 5 2 1 11 1 2 6
7 4 1 7 2 12 4 11 3 16 3 2 18 3 11 1 13 5 1 4 5 12 3 13 2 12 4 4 4 3 15 5 16 1 8 2 12 1 2 6 3 3 3 4 15 2 16 4 4 2 3 19 1 8 2 4
5 2 3 12 5 18 4 2 17 5 5 4 12 3 15 3 2 15 4 6 5 20 4 4 9 2 11 1 3 5 15 3 3 18 4 6 2 17
5 5 5 3 1 17 3 20 4 14 2 20 5 4 7 5 18 2 16 3 2 1 19 3 1 8 5 16 4 3 1 1 15 2 3 15 2 16
6 1 5 20 4 4 10 2 13 1 6 5 6 2 4 19 1 11 5 4 17 3 8 5 17 2 16 1 4 3 1 19 4 12 5 2 1 4 2
6 4 4 4 5 12 3 5 2 2 4 5 3 4 7 1 17 3 19 5 4 19 5 9 3 17 1 16 2 6 3 3 5 5 16 2 6 5 1 15 3 6 5 13 4 13 2 11 1 3 17
8 3 3 13 5 11 4 9 4 3 12 5 5 2 5 1 4 2 3 10 2 11 1 1 6 5 2 5 3 6 5 5 1 7 4 10 5 4 9 5 20 1 4 3 5 2 16 3 1 3 4 9 5 5 5 5 4 2 16 4 16 3 2 1 3
5 3 3 2 1 9 2 5 5 5 12 4 3 2 19 1 5 3 15 2 1 19 5 9 4 1 15 3 12 2 15 5 11 4 2 6 4 15 3 19 5 5
6 1 2 15 3 4 5 2 10 5 2 2 4 18 3 14 3 5 5 4 20 3 15 3 1 7 5 10 4 13 1 1 17
6 1 4 17 2 2 14 1 3 1 2 11 1 2 19 5 3 5 2 11 4 19 5 5 1 7 2 3 6 5 14
4 4 3 14 2 2 1 17 5 11 1 1 11 3 2 6 5 3 3 16 4 2 3 1 12 4 3 5 9
5 2 2 8 3 10 3 1 7 4 16 2 10 1 3 5 1 1 10 5 4 20 3 15 1 9 5 4 2 12
6 1 5 11 4 3 19 5 13 2 8 1 20 1 3 19 5 3 15 4 20 2 7 1 9 5 7 1 4 9 2 3 19 1 18
6 4 2 14 5 16 4 9 1 18 3 5 14 2 12 1 17 3 2 18 4 4 3 13 2 2 2 4 15 4 5 2 1 6 3 10 4 12 4 4 7 1 16 3 11 5 18