25 5
5 5 5 12 3 11 4 8 2 14 1 19 3 3 8 2 7 1 11 1 1 7 5 5 2 4 10 2 20 3 12 1 18 2 4 16 5 7
5 2 4 15 2 6 5 3 7 1 14 4 5 2 18 5 20 5 4 10 2 15 3 14 1 9 5 14 5 4 13 1 8 5 4 3 3 2 17 3 5 2 4 9 3 8
8 4 3 17 1 15 5 14 2 3 4 1 18 2 18 4 14 5 8 1 4 4 2 1 19 4 19 3 2 18 4 12 1 11 3 3 5 2 6 4 19 5 3 4 4 13 1 20 2 16 5 5 4 4 15 5 6 1 6 3 10
8 4 1 10 5 17 3 17 2 17 5 3 15 5 18 2 15 1 17 4 11 3 2 15 4 18 5 7 3 4 4 3 5 5 15 3 1 7 2 7 4 9 3 4 18 1 10 2 2 4 1 4 2 14 5 6 3 10 3 5 17 4 2 2 6
5 5 3 3 2 20 1 13 5 2 4 4 2 2 7 1 8 2 1 18 3 16 5 1 16 5 11 4 2 3 14 2 20 5 1 8 4 15 3 15 2 17 5 9
5 3 4 13 3 5 5 11 2 3 6 4 15 2 5 19 1 18 3 4 18 2 7 5 7 5 2 10 5 17 1 19 4 14 3 18
5 1 3 18 4 1 20 5 4 2 12 3 3 1 2 7 2 3 6 5 13 5 5 6 3 14 1 12 4 14 2 16
4 5 5 20 1 6 3 3 4 2 2 8 5 4 18 1 10 3 11 5 7 2 3 3 4 8 1 10 3 19 3 3 14 4 7 1 7
6 4 3 9 2 19 1 19 4 17 2 5 8 2 19 1 1 20 3 2 8 5 5 1 3 2 2 7 5 2 3 4 5 1 19 5 5
7 1 5 7 3 5 11 1 5 2 19 3 2 17 4 2 3 5 3 1 17 4 4 2 3 2 1 16 2 16 4 5 11 1 11 2 17 3 12 3 5 19 4 12 2 20
8 3 5 15 3 8 4 4 2 1 10 2 4 1 4 19 5 1 8 4 8 2 15 5 4 3 4 3 5 16 1 10 4 3 4 4 19 3 20 5 13 2 20 4 3 12 5 18 2 4 4 8 3 2 2 1 8 4 13
5 1 3 4 4 2 19 5 2 4 13 3 15 2 4 7 3 2 5 4 6 3 18 5 14 1 7 2 9 4 5 4 2 6 4 4 1 14
8 5 5 10 1 9 2 12 3 19 4 18 3 2 17 5 20 3 12 4 3 17 5 13 1 18 2 9 2 2 10 4 8 2 4 7 3 12 1 4 15 5 2 5 3 20 1 18 4 16 5 7 5 2 11 4 3 1 13 3 3 5 10
4 1 2 12 2 5 16 3 9 3 1 7 2 10 5 4 3 4 17 2 2 3 11
8 4 1 8 5 12 4 10 3 8 2 5 19 3 7 2 1 14 3 3 1 2 4 3 2 15 3 15 1 13 1 1 9 1 2 13 2 5 17 1 16
5 4 5 17 2 9 4 7 3 19 3 1 3 3 17 2 10 1 2 7 1 1 12 5 5 3 1 17 4 14 3 4 2 16
6 1 5 14 5 4 12 5 8 2 6 1 13 3 2 2 5 10 1 18 1 5 6 4 4 10 2 18 5 2 3 8 4 4 20 3 9 5 13 2 3
4 3 5 13 2 9 1 15 4 2 12 1 13 5 5 3 17 3 3 14 1 19 4 7 1 1 7
4 5 4 12 1 11 3 8 2 20 5 17 2 4 17 2 20 2 5 20 4 14 4 4 5 1 7 2 3 3 12
8 4 5 5 2 4 4 8 1 20 5 3 9 4 5 5 2 2 11 1 10 3 4 6 5 3 1 20 2 1 7 2 20 3 5 19 4 3 1 13 5 1 18 4 15 5 12 3 8 2 15 2 5 16 2 13 1 4 20
4 1 4 11 1 4 4 1 3 19 5 2 5 1 6 4 9 5 11 3 19
6 2 2 20 5 14 2 2 8 3 13 4 4 13 2 20 3 16 5 18 5 1 10 4 8 3 18 5 19 2 19 4 2 19 3 15 4 11 1 17 1 3 20
7 2 3 14 2 5 2 2 17 3 9 2 5 15 4 7 1 3 11 3 1 20 4 14 2 12 2 1 11 4 20 1 1 16
4 1 3 15 2 5 20 4 19 5 4 4 2 6 5 11 3 2 1 2 2 3 10 1 13
8 1 3 9 5 1 18 4 6 2 20 3 7 5 3 5 3 18 2 13 5 10 1 19 4 3 2 1 6 3 20 5 3 8 1 2 2 13 5 12 4 9 2 3 15 2 3 5 2 15 5 18 4 5 3 2 1 15 5 5 9 4 15 2 8 1 2 3 2