25 5
7 3 1 11 3 17 5 8 2 4 10 5 20 1 3 8 2 2 13 5 18 4 5 15 4 19 1 14 2 2 2 4 3 3 3 5 5 19 3 12 2 15 4 20 1 17
6 4 5 3 3 17 2 10 1 9 4 4 10 5 20 3 20 1 13 5 1 3 4 20 5 5 2 12 3 2 3 4 3 2 20 5 5 5 2 14 5 5 3 8 4 14 1 11 2 2 4 5 12
5 3 5 14 1 3 3 2 1 4 6 5 4 11 3 11 5 18 2 5 1 19 3 5 5 4 14 1 10 5 4 6 2 7 1 20 3 14 5 15
7 4 3 14 4 15 2 18 1 14 2 5 2 1 11 2 5 7 3 13 1 5 14 5 1 17 5 15 3 17 2 2 4 20 4 5 6 2 10 1 4 4 13 2 3 3 1 19
7 5 5 14 4 7 1 6 3 16 2 13 1 2 5 2 5 6 3 7 3 1 2 4 6 2 13 1 3 20 3 4 6 3 12 2 7 4 5 18 1 14 4 3 3 11
8 3 3 9 5 8 2 5 2 3 19 2 13 4 4 10 5 12 3 18 1 4 4 2 20 1 2 5 19 4 15 3 3 20 1 16 5 5 1 3 6 1 1 13 1 2 10
6 4 5 8 3 13 4 20 1 18 3 2 19 5 17 1 19 4 4 18 1 8 3 19 2 15 4 2 9 1 9 5 17 3 11 1 1 16 2 1 7 4 3
6 1 1 9 3 1 13 4 4 5 2 4 1 7 4 4 5 8 3 17 4 2 8 3 8 5 14 1 7 1 4 15 3 2 12 1 10 5 15
6 1 3 15 4 5 12 1 11 2 5 4 10 1 5 13 3 1 8 5 13 2 8 2 2 6 3 8 5 2 17 4 12 1 3 3 2 5 9
4 4 5 18 3 18 2 4 1 12 5 4 18 2 19 1 11 5 9 3 10 5 3 17 5 18 2 8 4 4 1 10 5 3 10 4 3 1 12 2 12 5 6
5 5 3 12 1 6 2 20 4 6 5 4 3 2 17 4 8 3 8 4 3 5 5 8 1 3 2 3 2 5 11 2 13 1 1 19
5 2 2 14 4 9 2 3 13 4 8 1 2 5 3 1 2 3 18 5 16 3 1 11 3 7 2 11
5 3 1 5 4 13 2 15 1 5 17 1 5 9 5 1 6 3 16 4 8 2 3 5 8 2 4 8 1 15
7 5 4 4 5 11 2 15 3 6 1 6 1 3 20 4 3 18 5 7 1 10 4 18 1 4 12 5 5 9 3 19 4 20 2 4 1 12 2 3 12 5 17 1 3 19
5 4 1 20 4 2 5 17 3 7 4 2 6 4 13 1 6 3 16 3 1 6 4 19 3 12 1 2 17 2 5 18 4 15
5 5 2 20 1 3 3 11 5 13 4 13 1 1 3 1 4 9 2 2 15 4 8 2 1 11 2 11
4 3 3 16 1 13 4 8 3 3 15 1 11 4 16 3 5 19 3 6 4 3 4 1 2 4 11 5 13 3 14
8 3 2 19 3 4 4 10 3 1 3 4 8 2 19 2 5 14 3 11 4 4 6 1 12 3 14 5 16 4 5 20 1 15 3 7 4 15 1 1 20 4 4 15 5 5 1 13 3 6 5 2 7 4 19 5 8 3 20 1 6
6 1 5 16 2 5 15 4 17 3 4 7 1 9 2 3 5 2 13 5 12 4 20 1 18 3 11 1 3 2 1 5 4
7 5 1 14 4 3 3 2 2 2 5 13 5 3 3 5 3 1 2 4 16 2 18 4 5 12 2 12 3 6 1 6 3 4 8 5 5 3 7 4 3 5 1 15 5 9 2 19 4 3 11 2 5 4 3 1 17 2 3 7 1 20
4 5 1 19 2 15 3 16 4 10 5 20 3 2 12 4 3 3 15 4 3 16 1 20 2 9 4 19 2 3 8 1 14
4 5 1 17 2 11 3 18 5 9 4 11 4 3 11 5 12 2 6 1 5 5 4 3 5 17 1 15 3 2 2 20 4 2 12 3 17 4 20 1 5
4 5 4 10 1 16 2 13 3 13 5 9 3 4 13 5 17 1 8 3 1 3 2 12 4 18 3 3 11 2 8 5 6
4 2 3 9 5 3 2 3 5 1 12 3 5 6 4 6 1 14 4 1 2 3 2 4 4 2 7
4 3 3 5 2 20 5 9 4 4 13 5 16 1 10 3 17 1 5 10 1 5 11