25 5
4 3 4 16 5 12 1 20 3 5 8 2 4 1 5 5 4 8 3 20 1 19 5 9 2 4 1 2 3
8 3 3 16 5 10 1 12 2 2 3 3 4 2 4 19 1 5 4 3 3 4 14 2 13 5 12 3 2 9 5 4 1 11 5 3 2 4 8 5 19 2 14 1 7 2 2 6 3 11 5 2 13 3 20 4 9 1 3 5 8
8 3 5 19 1 20 2 13 2 2 17 1 5 3 5 7 4 2 3 11 2 3 2 5 12 5 1 4 3 6 5 7 2 18 4 14 5 3 6 2 2 1 6 5 10 4 16 4 1 7 5 20 3 7 4 16 2 4 17 3 7
4 2 1 20 4 16 1 3 15 3 2 13 4 5 3 13 5 1 14 5 3 3 11 2 12 4 17
8 2 4 2 2 9 2 4 18 5 8 4 5 9 4 10 2 5 1 4 1 4 5 3 1 7 5 5 2 5 4 2 19 5 9 4 20 3 11 2 2 8 4 2 3 1 8 3 20 4 14
7 4 1 8 3 9 5 11 4 8 4 1 18 2 18 3 7 4 14 4 4 6 1 4 2 17 5 14 4 3 9 2 11 1 7 4 3 3 3 17 1 3 2 14 1 2 17 2 3 16 1 14
8 4 2 3 5 4 3 15 4 11 4 4 18 5 10 2 4 3 10 5 5 8 4 2 2 19 1 5 3 15 4 5 13 2 16 4 12 3 11 1 2 11 4 2 13 3 3 1 3 4 15 4 4 7 5 13 3 19 1 16 2 3 2 2 7
4 4 4 9 2 14 5 4 1 3 2 5 9 4 20 4 2 5 1 2 3 11 4 16 3 4 5 5 15 1 5
4 1 2 17 4 2 19 3 8 4 2 1 5 2 5 14 3 4 5 4 3 2 5 5 16 3 13 1 17
8 5 4 12 1 16 5 3 2 18 3 10 5 2 10 1 17 4 15 3 12 5 5 1 4 8 5 2 11 5 17 4 16 1 8 3 3 2 1 16 2 7 1 1 4 1 1 4 5 5 19 1 5 3 6 4 5 2 11
7 3 5 12 4 8 2 12 4 1 18 4 18 2 18 5 16 2 1 6 2 10 2 3 13 2 20 1 1 9 1 3 2 4 1 14 4 17 5 16 3 9
7 5 1 7 3 2 5 19 2 16 4 4 4 4 5 3 11 1 10 2 3 2 5 14 4 18 5 1 5 2 19 3 13 5 6 4 10 2 3 10 5 7 5 5 13 1 14 2 9 3 14 4 8 4 3 17 2 4 4 20 1 5
6 3 1 18 3 19 2 13 1 5 8 4 4 17 5 4 3 3 1 17 3 4 18 3 2 2 2 5 5 11 3 12 2 9 4 20 1 15 5 3 20 1 14 2 18 4 3 5 12
8 1 5 11 1 2 5 4 1 6 4 13 3 4 5 12 3 3 3 5 4 1 15 3 3 17 5 17 1 18 4 4 4 3 19 1 14 2 2 2 4 18 1 20 4 1 20 3 10 5 4 4 13
7 5 5 5 4 15 2 3 1 11 3 18 1 1 6 3 5 10 2 5 1 5 1 4 20 5 1 9 2 18 4 9 3 3 5 8 5 1 9 5 16 4 3 2 8 3 2 5 3 7 4 2 1 19 5 9 2 6
6 4 5 19 4 20 3 8 1 14 5 5 3 1 4 2 19 3 16 4 14 4 2 16 5 17 1 16 4 18 3 2 17 3 10 1 6 2 4 6 5 12 4 3 20 1 6 2 11 4 4
4 2 5 8 1 4 5 4 11 3 7 5 4 2 20 1 19 5 4 7 1 14 2 15 5 18 3 5 2 1 11 4 7
7 1 3 10 2 2 10 5 4 1 3 6 4 5 2 2 20 4 17 1 8 3 5 11 1 20 2 7 3 4 18 2 13 3 11 5 1 14 2 7 3 16 4 10 5 15
7 2 2 8 5 4 2 3 14 2 15 1 5 3 1 5 20 1 1 18 2 5 14 4 18 5 4 14 3 15 5 3 2 10 1 2
4 2 5 6 1 12 3 2 4 3 15 5 14 1 3 19 4 3 3 4 4 1 19 5 12
7 5 4 14 5 8 1 8 3 9 2 5 2 3 9 2 11 2 2 9 5 11 5 3 3 1 4 4 14 5 20 2 14 5 5 12 3 5 2 11 4 19 1 12 3 2 13 5 14 1 19 4 5 9 3 20 2 6 4 5
7 5 2 18 4 6 1 3 5 4 3 10 1 2 14 2 1 10 5 5 5 5 4 1 17 3 7 2 12 4 4 4 4 11 3 14 2 15 5 14 5 5 18 1 14 4 20 3 2 2 9 4 5 3 3 15 4 10 1 10
5 1 2 4 2 4 16 5 20 3 5 13 3 18 2 5 4 1 19 4 6 5 2 2 7 4 5 18 2 15 3 8 4 14
7 2 2 10 1 19 5 5 17 2 18 4 14 3 14 1 4 5 3 4 4 19 5 10 2 20 1 4 2 2 14 3 17 5 2 15 3 13 5 12 4 11 1 10 1 1 4 3 5 12 2 17 1 20
6 1 2 13 4 2 18 5 4 1 17 3 14 5 4 17 5 20 3 3 1 3 2 7 5 1 7 5 9 4 18 2 16 3 12 3 1 10 3 2 4 15 2 5 19 1 7