25 5
5 4 3 11 2 14 1 18 5 3 4 3 14 4 13 2 6 5 17 2 1 8 3 5 1 5 17 3 5 10 2 6 4 5
5 1 1 2 5 2 15 1 4 3 15 5 2 4 9 5 3 3 2 11 5 20 4 2 1 18 4 3 2 4 4 2 18 5 8 4 1 20 3 6 2 4 4 4
8 4 5 6 1 20 3 6 4 14 2 1 17 2 5 1 3 3 5 1 17 2 2 5 16 4 13 3 13 2 2 11 1 16 3 3 6 5 11 2 13 5 5 20 4 5 3 9 2 10 1 5 2 3 18 1 10
5 5 1 6 3 20 5 13 2 4 4 9 1 3 19 5 1 20 3 2 4 18 5 9 2 8 2 3 7 4 13 4 4 6 5 10 3 2 1 19
5 1 5 17 5 4 6 5 20 2 10 3 7 1 2 3 2 5 4 8 5 5 1 2 6 5 1 15 4 16 2 11 3 17 5 4
5 3 2 8 4 15 3 3 1 5 14 4 4 8 3 13 2 20 1 9 3 4 14 1 18 2 7 2 5 19 4 2
8 4 3 20 2 13 1 3 5 17 2 2 11 1 16 4 2 18 5 11 1 6 3 2 4 1 3 4 19 3 19 5 9 1 2 9 3 1 5 4 13 5 12 2 4 12 1 19 5 4 9 5 5 1 11 2 16 3 15
8 4 4 13 3 8 2 20 5 9 2 3 16 2 14 3 2 19 5 9 4 12 4 1 7 2 16 3 15 5 5 5 4 6 2 16 3 4 5 3 1 8 4 2 14 3 17 1 2 5 16 4 3 3 1 9 5 10 2 16 4 2 2 5 6 1 19 4 2
7 5 1 18 5 10 2 8 4 9 3 13 5 1 3 2 16 4 2 3 7 5 9 1 4 12 4 2 6 3 9 1 4 5 18 1 3 14 1 2 9 3 1 4 2 18 4 4
8 5 5 5 1 14 2 4 3 19 4 7 1 4 17 2 4 12 1 2 1 3 19 4 1 14 2 8 3 17 5 7 3 3 17 2 18 4 13 4 3 11 2 7 5 16 1 4 3 3 6 5 9 2 20
6 4 4 15 1 14 3 17 5 10 4 3 9 5 10 2 14 1 5 3 2 5 3 17 1 2 3 4 19 1 11 3 3 1 3 18 1 2 15
8 5 1 7 5 3 2 20 4 12 3 7 4 5 10 3 2 4 3 1 8 5 5 20 1 3 4 19 2 18 3 6 5 5 20 3 19 4 8 1 11 2 7 2 3 9 1 18 3 3 3 4 14 5 12 5 4 16 5 10 1 18 3 5 2 18 1 1 3
4 5 1 17 3 8 5 12 2 16 4 17 5 3 17 5 17 1 17 2 18 4 13 3 5 9 2 9 1 18 3 2 9 3 13 4 7
7 4 3 12 1 12 5 2 2 17 4 1 11 5 20 3 19 2 18 1 1 20 3 1 18 5 7 4 2 1 2 6 2 3 12 1 3 2 1 5 3 15
8 3 3 7 2 19 1 4 1 1 3 4 4 20 5 5 1 7 2 12 3 2 11 5 8 4 19 3 1 9 4 14 5 13 2 1 12 4 9 4 3 14 2 11 4 15 1 16 1 3 9
7 2 3 16 2 19 5 4 16 1 13 5 18 2 12 3 20 1 2 20 5 3 13 4 20 5 17 2 10 1 3 3 1 5 5 15 4 5 4 3 10 4 19 5 12 2 18 1 3 11
4 4 1 4 4 20 3 19 5 10 4 2 8 5 6 4 16 3 5 4 2 13 1 12 3 7 5 4 4 1 17 3 8 4 14 5 5
4 3 5 18 1 2 4 20 2 5 9 3 10 2 1 17 3 10 2 2 5 3 8
6 2 1 12 5 4 1 1 12 3 1 18 5 7 2 19 1 1 19 1 1 9 2 1 11 5 13
8 3 5 12 2 15 3 17 2 3 10 1 7 3 2 9 1 17 5 10 3 4 14 5 10 2 14 5 2 11 3 13 5 12 1 15 4 12 3 5 4 3 12 1 12 4 5 17 1 8 4 20 2 18 3 2 12 1 5 3 9
8 2 3 2 5 5 3 5 17 3 7 4 11 5 1 14 5 15 4 5 3 8 2 20 5 2 16 5 16 4 14 3 9 1 20 5 2 13 3 16 4 11 1 9 5 4 4 1 13 2 19 3 20 4 8 4 5 8 4 6 2 3 1 12 3 4 15 2 16 5 13
6 1 5 15 2 1 20 2 4 4 5 14 2 17 1 3 4 10 2 4 2 1 12 5 4 10 3 19 5 19 1 3 2 7 2 5 19 2 15
6 1 3 5 3 3 16 2 6 4 18 4 4 20 2 8 3 9 5 17 1 2 17 2 2 11 4 9 1 2 3
8 2 4 3 2 7 2 5 8 3 3 4 5 8 3 15 1 13 4 10 5 4 7 5 4 3 14 1 2 2 5 5 2 20 3 19 4 18 5 2 1 18 2 1 4 5 13 1 2 7 1 4 15
7 4 2 14 3 3 1 19 5 5 5 2 15 5 2 3 20 4 20 1 18 5 5 8 4 8 2 18 1 10 3 17 1 3 19 1 4 19 3 3 8 4 15 5 7 1 5 10