25 5
4 5 1 19 4 8 2 4 5 10 3 11 4 1 17 2 6 4 14 3 16 1 4 19 4 5 7 1 20 3 13 2 4
5 2 3 19 4 5 5 4 10 5 7 3 6 2 15 1 20 5 2 8 3 16 5 14 4 18 1 11 2 2 18 5 18 5 1 4 3 17 4 16 5 9 2 8
8 2 2 14 3 4 3 2 6 4 3 5 19 5 2 12 5 17 3 14 4 17 1 13 1 1 14 5 3 10 1 7 4 17 2 3 5 15 4 1 20 2 17 3 2 4 9 4 2 5 5 5 1 17 4 8 1 4 10
6 3 5 4 1 3 3 17 3 3 4 2 17 4 15 3 1 7 5 9 2 12 4 1 14 4 3 2 14 5 17 1 2 11 1 4 18
4 3 4 16 3 20 1 2 4 4 10 1 19 2 16 3 16 2 4 11 1 16 2 1 5 2 3
8 5 4 19 2 15 3 18 1 3 5 5 3 3 10 2 7 1 9 1 1 18 1 1 5 5 1 13 3 9 2 5 4 3 5 17 1 3 9 1 4 11 3 5 7 2 12 3 8
4 5 5 19 1 2 2 4 3 15 4 17 4 1 2 5 17 2 8 4 15 2 4 6 3 4 4 5 4 3 20 4 20 1 18
8 5 1 10 2 13 5 10 4 10 3 16 5 5 17 2 14 4 14 3 19 1 18 3 3 6 2 8 1 13 2 1 2 4 13 5 4 20 1 18 3 15 2 8 5 19 4 3 11 2 17 4 9 5 4 1 1 2 1 5 16
5 2 2 2 3 12 4 2 15 5 14 1 4 3 5 5 2 4 4 13 5 6 3 7 1 19 1 1 9 4 3 12 5 3 1 19 4 7
8 5 1 15 3 20 4 8 2 19 5 9 5 3 12 5 6 2 7 1 8 4 14 2 3 7 5 11 1 3 5 4 3 18 5 3 1 13 2 16 2 1 19 3 2 1 2 2 2 3 3 4 5
5 2 2 2 3 3 5 5 5 4 3 2 7 3 14 1 15 5 2 12 3 16 4 16 1 10 5 16 2 1 18 5 5 2 5 5 3 16
6 4 1 18 3 11 5 8 4 3 4 2 5 3 7 5 14 1 3 2 3 3 2 18 4 2 16 5 12 4 2 1 19 5 3 17 5 20 4 5 2 13 1 17 3 3 13 1 7 2 14
7 2 2 17 1 15 4 4 11 5 17 3 20 1 11 2 3 5 2 2 2 1 2 5 11 2 1 10 4 11 2 2 13 1 18 1 4 2
6 1 3 7 3 4 16 2 10 1 11 4 3 5 2 20 4 5 1 17 1 4 19 2 2 19 4 15 3 1 13 2 16 3 18
7 1 4 9 3 3 9 4 6 5 4 2 5 4 1 19 1 4 19 2 3 7 4 13 2 4 4 2 2 3 4 3 5 4 3 15
6 4 5 8 3 11 1 2 4 15 4 5 6 4 2 2 8 1 9 5 5 7 4 18 1 12 3 8 2 6 2 2 8 3 5 3 4 4 2 13 5 15 4 1 18 3 15 5 14 2 14
7 3 2 11 1 4 5 4 5 2 11 4 13 3 4 1 5 5 13 2 4 19 3 20 5 1 6 5 6 4 18 2 18 3 2 2 5 19 3 14 2 3 6 4 15 3 1 3 5 5 2 4
6 3 1 19 5 20 2 14 5 4 9 1 17 3 2 5 7 2 14 5 3 4 4 4 5 18 2 9 1 12 3 1 11 2 7 4 6 5 5 5 3 15 4 15 2 5 1 12 5 1 18 3 20 2 16 4 17 5 4
7 2 4 3 5 4 3 1 9 4 8 5 2 5 1 18 4 14 2 18 5 5 3 11 3 1 10 5 9 3 19 3 1 6 3 10 5 4 3 2 20 5 2 1 19 3 3 18 2 14 4 13
5 5 2 15 1 14 4 9 3 9 5 2 1 5 15 2 2 18 3 5 4 3 3 1 18 5 8 4 9 3 4 18 2 4 5 16
6 1 1 14 5 5 13 4 6 3 10 1 11 2 15 4 2 16 5 20 1 2 3 18 1 5 12 3 2 16 5 2 3 14 2 1 11 3 9
6 4 4 16 5 8 3 2 2 7 3 3 4 4 10 5 20 3 4 19 3 12 5 8 4 3 5 4 3 2 3 1 18 4 5 17 1 17 2 17 3 3 2 5 13 2 4
6 5 3 11 5 5 2 11 4 6 1 3 1 1 4 2 5 6 3 2 1 5 2 2 3 14 5 18 4 2 11 1 12 3 4 5 7
5 2 4 2 5 5 3 1 10 5 16 4 20 3 2 19 3 3 5 17 1 1 20 4 5 12 1 10 3 19 2 8
4 4 1 17 4 16 5 16 3 18 3 3 9 2 8 5 13 5 2 17 3 10 1 18 5 4 4 3 4 4 3 2 2 5 6 1 18