25 5
5 5 5 19 2 17 1 7 4 3 3 4 2 1 11 5 14 3 5 6 4 13 2 2 1 2 10 4 3 9 2 9 5 2 4 13
7 4 5 10 4 18 3 20 1 15 5 5 10 2 11 4 15 1 3 3 9 1 5 11 5 4 6 2 16 1 5 3 5 5 7 1 1 17 3 3 13 4 7 1 13 4 3 16 2 19 4 20 5 13
6 2 4 6 5 11 4 5 6 4 11 2 2 3 18 5 4 17 1 2 3 15 2 4 5 4 2 1 11 2 11 5 4 7 2 15 1 15 3 16 5 4 1 5 19
4 5 5 12 3 3 4 3 2 11 1 3 1 2 2 5 3 19 4 13 5 14 2 11 1 6 3 1 13 4 8 2 8
7 4 5 6 2 16 4 9 3 6 3 1 10 2 6 3 20 2 1 10 4 5 1 3 3 1 3 9 4 1 18 3 20 2 16 4 4 5 4 13 5 15 2 16 3 15 1 9
7 5 4 8 1 13 5 15 2 15 3 8 4 3 12 5 4 2 15 4 3 2 4 3 3 17 5 1 6 2 4 5 6 4 16 3 10 1 4 17 5 2 6 4 15 3 20 1 20 5 16 1 1 17
5 5 4 7 1 17 3 14 5 19 2 5 5 4 15 2 19 1 19 3 5 5 10 4 5 3 1 8 3 13 4 13 2 5 8 2 8 5 3 12 1 19 4 13 5 5 2 16
5 3 3 16 2 3 4 4 1 3 19 5 1 17 2 7 5 20 3 8 4 11 4 3 3 5 9 4 14 2 11 4 3 7 2 7 1 20 5 11
6 3 4 5 2 8 3 20 3 1 2 3 11 4 8 4 5 17 1 17 4 10 2 6 1 2 2 2 3 13 2 7 1 4 19
7 1 3 10 1 2 3 2 1 2 5 15 1 3 9 1 2 9 1 4 17 5 2 8 1 9 5 3 3 16 4 4
4 5 4 17 5 12 2 11 1 19 3 5 5 4 5 3 7 1 10 5 6 2 18 4 2 14 3 7 5 20 4 8 5 3 20 4 7 2 7 5 10 1 17
4 1 5 13 1 5 19 1 5 11 4 1 18 2 10 5 12 3 20
5 5 2 14 5 16 3 16 4 2 1 17 3 3 20 4 9 2 12 5 5 3 3 13 2 6 1 7 4 16 1 4 4 4 2 2 3 17 1 5 5 11
8 3 2 14 5 18 1 20 3 3 2 5 16 1 8 2 4 10 2 9 1 5 5 5 5 7 2 12 3 17 4 12 1 17 5 4 14 2 9 5 3 1 20 3 8 4 1 10 5 20 4 17 3 2 1 5 15
5 1 4 15 3 2 3 1 17 5 5 5 5 4 1 15 4 9 2 12 3 15 2 3 10 1 15 3 5 6 3 20 1 3
7 3 5 3 4 14 1 13 2 3 20 1 13 1 2 12 4 4 7 5 12 3 12 1 9 4 4 20 3 20 1 16 2 3 3 2 18 1 19 5 3 1 3 4
5 4 1 2 2 10 4 16 5 12 5 1 7 4 6 2 20 5 10 3 14 2 3 17 4 3 4 3 12 2 5 4 12 1 3 2 4 16 2 4
5 1 3 6 4 1 11 4 8 3 4 5 6 5 5 17 1 16 3 10 4 20 2 5 5 5 18 4 2 2 9 1 13 3 3 1 5 14
6 4 5 20 4 5 3 7 1 19 3 3 2 5 17 2 9 4 4 10 5 10 2 14 3 17 4 2 20 1 11 3 5 4 2 4 2 20 1 5 5 18 4 18 2 2 19 5 7
8 4 5 13 2 15 3 16 1 3 3 5 15 1 20 2 18 3 5 15 1 4 2 9 4 5 9 3 20 2 15 4 20 3 5 12 4 16 1 13 2 4 2 3 17 4 1 20 3 14 2 9 5 11 4 4 5 2 3 3 17 1 19
5 1 2 13 4 2 16 3 5 1 16 5 15 4 3 8 2 16 5 11 4 11 3 4 4 1 12 2 18 5 4 8 2 5 3 18 1 12 5 10
7 4 4 20 5 2 2 18 1 3 5 5 16 1 12 4 15 3 11 2 10 5 3 5 1 20 2 6 4 18 5 18 5 3 16 5 13 2 4 1 6 4 16 3 2 7 4 5 1 20 5 3 15 2 6 1 14 5 15 4 8 1 2 17
4 2 3 4 1 20 3 5 10 2 2 3 17 5 5 11 2 20 4 9 3 14 1 11 4 5 4 1 20 4 19 3 3
8 1 2 17 2 3 5 5 9 2 1 17 2 16 5 1 19 2 20 3 11 4 5 5 4 3 1 17 3 17 2 9 3 5 6 1 8 2 20 2 5 12 3 3 3 1 18 3 14 2 8
4 2 5 16 4 18 2 1 15 2 17 5 2 13 1 8 4 5 5 7 3 7 1 1 7