25 5
8 5 5 3 2 14 3 11 1 5 4 18 5 5 19 2 19 3 4 1 20 4 7 3 1 14 4 14 3 10 3 4 5 3 15 5 5 1 3 16 4 1 4 5 8 2 18 4 17 2 3 9 1 10 3 2 4 5 20 4 20
7 2 4 18 5 6 1 3 10 2 1 13 5 20 3 2 12 4 15 3 18 4 5 14 4 16 2 3 1 8 2 1 6 2 8 4 4 11 2 16 1 12 5 17
8 4 1 5 4 3 2 12 3 17 5 3 9 4 20 1 12 5 4 2 6 3 2 19 3 11 5 15 3 3 17 4 19 1 12 1 1 17 4 3 19 5 9 4 2 2 19 2 5 20 3 20 1 5 18
8 2 3 19 5 12 3 5 6 3 14 1 2 4 4 5 1 7 2 11 3 9 3 1 6 3 3 5 3 5 5 13 3 17 2 9 4 16 1 17 2 3 15 2 18 1 4 13 3 1 2 4 14 2 20
6 1 3 18 1 5 6 3 3 9 1 17 5 6 3 2 4 3 16 4 15 5 3 15 5 10 4 18 2 20 1 19 3 2 17 4 14 1 18
6 4 5 4 4 14 2 16 3 16 4 1 3 5 15 4 12 3 6 1 2 17 3 1 2 4 19 2 6 1 5 19 1 4 2
5 1 3 5 3 5 12 3 3 4 10 5 5 6 1 8 4 9 2 10 3 12 2 2 11 1 6 2 1 6 5 2
6 1 1 14 5 2 7 4 18 5 15 1 15 3 13 1 1 6 3 1 4 3 6 5 3 3 1 3 2 10 5 5 2 2 6 5 4
8 2 2 7 4 18 3 3 11 1 15 2 9 3 1 17 3 5 2 16 3 2 2 4 17 3 3 1 3 15 5 4 2 3 13 2 16 5 10 1 17 5 4 8 5 12 1 12 3 12 2 5 5 2 13 4 6 1 4 5 8 3 20
5 3 4 3 3 12 1 16 3 1 13 4 14 3 10 4 2 17 5 2 1 6 3 8 1 2 17 2 1 13 5 20
8 5 2 8 3 10 4 14 1 7 5 18 3 5 4 4 4 2 17 4 3 9 4 3 2 11 5 7 4 2 15 5 20 1 5 3 14 5 4 16 5 4 3 2 2 7 1 11 3 4 15 5 17 2 7 1 5 2 2 1 7 5 12
8 2 1 9 4 5 3 3 16 4 19 2 15 5 2 8 3 16 4 13 1 5 5 4 5 2 14 1 16 3 18 5 11 4 13 5 5 5 3 19 4 17 1 4 2 16 5 2 11 1 17 3 11 4 16 5 20 4 3 9 4 11 2 16 5 12 3 3 19 4 10 2 7
8 5 4 12 5 11 2 14 1 2 3 13 1 4 5 5 4 17 2 12 1 4 5 6 3 7 1 1 10 3 4 10 2 8 5 17 3 3 9 5 13 1 3 4 4 20 5 14 2 3 1 9 2 3 15 4 6
5 3 2 13 1 20 3 5 4 2 7 4 2 3 14 5 7 2 4 13 1 18 2 4 8 5 8 1 4 2
8 5 2 17 1 16 5 17 4 11 3 6 4 3 7 2 20 1 7 4 17 5 4 14 3 3 1 16 5 20 2 14 2 2 4 5 7 2 1 18 3 9 3 5 11 2 7 4 7 4 1 5 5 12 4 6 2 3 5 2 16 1 13 3 5 5 13 4 7
7 1 2 20 3 2 15 3 19 1 9 5 3 7 1 17 2 10 5 2 4 12 4 1 5 3 11 5 8 2 20 1 2 11 2 5 16 4 5 2 3 8 2 16
5 5 4 5 1 5 2 13 5 5 3 15 2 3 6 4 3 5 5 16 1 20 3 17 2 14 4 13 5 5 11 4 20 1 16 2 2 3 14 3 2 13 1 11 4 11
5 5 3 19 2 11 1 14 4 8 5 7 4 3 4 2 12 4 13 5 10 3 5 3 3 12 2 18 5 2 6 1 2 3 14 4 15 5 13 4 4 15 1 2 2 10 3 3
6 3 3 18 2 10 4 2 5 5 16 2 20 3 20 4 2 1 19 4 1 19 4 4 3 18 5 10 4 2 2 5 15 3 16 1 6 5 3 4 2 6 5 12 1 14 4 2 2 3 6 4 10
5 3 1 14 3 7 4 8 4 2 16 1 12 5 18 4 20 4 2 12 4 3 3 7 1 15 4 1 2 4 5 2 5 5 4 5 2 3 3 6 1 3 4 18 5 3
4 4 2 16 5 7 3 11 4 17 2 4 17 5 17 1 4 18 3 2 4 5 17 4 10
4 3 4 8 1 10 2 17 2 5 11 3 15 5 3 16 4 9 5 8 2 6 1 11 3 1 11 4 6 2 13
7 3 5 8 3 13 1 16 4 5 7 3 12 4 8 1 3 2 1 11 5 5 3 3 20 5 6 2 7 2 5 20 2 5 1 2 13 1 3 5
6 1 1 18 2 5 9 4 2 1 3 4 2 5 8 4 9 4 5 9 4 18 3 18 2 19 1 1 11
8 5 5 15 1 15 4 19 2 16 3 20 5 2 14 4 13 3 11 5 7 1 4 5 2 13 5 13 3 12 4 20 1 5 5 3 18 1 17 2 14 5 5 4 13 1 4 15 4 2 8 3 12 5 7 4 10 1 4 6 4 3 9 4 7 1 14 5 15