25 5
6 5 5 17 1 7 4 11 3 16 2 8 2 5 3 2 15 1 5 8 1 2 17 5 5 2 1 16 3 16 4 19 2 19 3 1 11 2 15 4 16
5 1 2 5 1 1 12 2 3 5 5 19 3 4 2 1 7 2 12 3 1 13 4 19 2 15
8 1 4 8 1 3 10 3 1 18 4 20 3 17 5 2 6 1 2 4 10 5 6 3 20 2 5 3 3 9 5 3 6 2 15 5 9 4 13 1 7 5 1 4 2 18 5 13 4 13 3 3 5 5 11 3 4 1 8 2 12 4 5
8 5 3 15 2 18 4 7 5 8 1 13 3 1 7 2 2 4 12 1 5 12 4 3 13 1 4 5 15 2 2 2 1 9 4 14 4 4 4 2 2 3 14 5 20 3 4 8 2 14 1 18 5 3 17 4 2 5 14 1 12 2 17
7 4 5 7 1 3 2 14 4 4 2 2 12 5 5 2 3 13 4 12 4 3 11 1 10 5 11 4 12 3 3 4 4 10 2 5 3 4 20 1 4 5 2 2 3 16 2 4
8 3 5 20 2 6 4 8 4 2 20 1 3 4 3 5 19 4 1 2 2 3 4 8 3 9 2 2 12 4 3 3 2 19 5 4 4 4 5 5 12 2 10 1 11 4 19 3 19 2 4 18 3 9 5 2 17 4 9 3 16 5 11 1 17
7 2 5 2 1 12 5 4 19 2 7 1 8 5 4 3 18 3 5 6 2 18 4 16 1 3 16 2 5 12 3 9 2 1 14 2 8 5 5 4 1 19 4 9 3 5 2 4
7 2 5 15 2 11 1 5 2 1 2 19 3 4 18 3 6 2 9 4 5 3 1 11 4 15 2 4 4 3 7 4 20 5 20 1 10 2 4 13 3 8
7 3 2 16 1 6 5 3 5 2 2 3 8 1 11 5 8 4 15 2 3 12 2 13 5 3 16 1 15 2 14 5 6 4 18 3 1 17 4 5 2 20 3 2 13 1 3 3 10 1 5 8
5 2 1 10 4 18 3 2 2 4 19 1 6 4 4 8 2 12 1 3 3 7 3 4 12 3 19 5 8 1 2 6
5 3 5 10 2 18 3 7 3 4 17 3 3 5 2 2 4 14 3 9 1 2 13 2 5 18 1 7
5 3 1 20 2 12 4 12 3 2 6 5 8 1 7 5 3 19 2 8 4 11 5 3 1 2 5 4 9 1 7 5 11 3 13 2 10 5 2 20 3 14 5 16 4 7 1 4
8 1 2 6 2 1 9 5 14 5 3 7 1 16 2 10 5 15 4 5 4 4 10 3 3 1 12 2 10 1 2 19 4 5 9 4 9 1 18 2 15 5 3 8 4 15 2 14 1 6 5 7 2 4 4 3 4
4 5 2 6 5 16 3 2 1 10 4 11 2 2 13 3 8 5 2 5 5 8 4 9 3 7 1 3 2 2 12 3 11
6 5 2 5 5 11 1 16 3 3 4 14 3 3 3 4 2 2 17 4 4 13 5 19 3 13 1 5 2 1 18 2 7 4 2 17 1 6 3 2 5 15 2 2 2 1 11
7 1 1 5 2 1 10 2 11 3 5 12 4 2 3 3 3 5 5 4 4 3 3 5 4 2 1 16 3 15 5 5 2 11 5 5 5 1 5 2 11 4 13 3 8 2 3 15 5 17
8 2 5 11 3 10 3 3 20 5 17 2 7 5 5 6 3 3 4 16 1 19 2 3 4 3 7 2 12 4 19 1 4 5 1 8 5 6 4 10 2 10 3 13 1 4 15 5 4 19 3 16 2 5 5 6 1 17 5 4 5 3 19 5 10 1 6 2 9
8 3 2 20 1 19 5 20 5 2 18 3 10 4 10 1 15 5 12 1 1 18 1 5 5 1 1 16 1 1 8 2 4 13 3 15 1 5 6
5 4 1 6 2 3 4 2 3 4 3 5 17 3 17 2 9 5 3 14 2 11 5 17 1 7 4 10 4 3 7 5 6 4 10 1 5 1 4 5
7 4 1 16 4 18 3 9 5 12 5 3 18 4 8 5 4 1 2 2 6 4 2 11 5 14 1 17 4 5 4 1 2 4 12 3 6 5 17 3 3 17 2 15 5 13 2 1 9 4 4 4 4 13 3 13 1 11 2 8
8 2 3 13 2 20 4 1 2 4 4 5 6 3 6 3 5 5 1 17 3 20 2 2 6 4 15 4 4 3 2 6 3 18 5 13 2 1 6 3 2 4 5 16 2 11 3 6 1 18 5 5 4 1 16 3 12 4 19 2 9
8 1 1 4 5 4 7 1 8 5 18 3 15 2 17 4 5 17 3 15 2 17 1 19 3 1 2 4 20 2 16 4 3 19 2 8 1 7 4 16 4 4 11 1 16 2 4 3 19 2 1 20 3 4 4 2 5 1 2 3 15 5 3
7 4 5 5 2 12 1 6 3 18 5 4 19 1 3 5 3 2 13 3 9 5 1 8 2 4 3 12 4 9 5 8 3 1 7 4 18 5 7 2 3 11 5 2 3 2 18 3 18 4 8 1 5 2
7 3 5 19 1 5 4 3 5 2 20 3 17 5 10 1 18 4 20 3 4 17 1 16 5 9 1 5 12 2 5 13 3 7 4 5 5 2 14 1 13 3 7 3 5 14 1 14 4 14
7 2 4 15 3 17 1 2 13 5 2 5 1 14 3 12 5 7 4 13 4 3 6 1 10 4 3 2 16 3 5 3 1 10 3 5 1 4 16 1 5 16