25 5
6 2 5 5 3 6 5 5 13 4 17 3 11 2 17 1 15 2 5 12 2 17 4 1 13 5 13 3 9 4 14 5 3 9 2 9 5 20 4 14 1 12 4 3 11 2 14 4 5 1 8
5 3 4 20 3 9 1 10 2 5 5 2 15 1 4 12 5 2 14 3 11 5 13 1 5 4 19 5 1 8 5 3 3 11 4 6 2 15
5 3 4 8 3 16 5 15 5 4 13 5 18 2 9 3 10 1 17 2 2 18 3 7 3 5 12 3 5 4 20 4 3 11 1 3 5 14 2 16
8 4 4 8 1 20 5 2 2 5 3 2 4 1 13 3 10 1 4 3 1 2 20 5 2 18 1 2 5 16 3 4 4 8 5 2 13 4 14 3 9 5 12 1 18 2 4 18 2 10 3 5 3 3 11 4 16
8 5 4 20 2 20 3 20 5 18 1 10 3 5 14 2 9 1 13 3 4 15 5 14 1 16 4 2 9 4 19 1 6 3 8 4 4 11 3 9 2 7 1 16 5 5 18 3 20 1 14 4 17 2 16 4 4 11 5 20 1 2 2 3 5 4 4 3 7 1 15 2 15 5 6
6 5 2 17 1 8 5 11 4 19 3 17 4 3 4 1 19 5 10 4 8 5 3 11 5 3 1 16 2 13 4 11 3 1 10 5 17 3 3 3 5 16 4 16 1 20 5 3 17 4 6 2 15 1 13 5 2
5 2 2 20 5 11 5 3 5 1 8 2 18 4 2 5 7 3 2 4 5 11 1 15 3 5 3 2 2 3 13 4 2 19 3 5 5 10 4 19
6 4 5 13 1 18 3 20 4 17 1 4 7 1 5 19 2 4 7 3 5 2 3 19 4 6 1 5 19
4 2 4 13 5 9 5 4 4 1 8 2 9 3 19 5 20 3 5 2 4 4 1 15 5 5 10 2 9 1 9 3 16 4 15
6 2 5 7 1 20 1 3 12 5 3 14 5 9 2 20 1 13 4 3 2 3 4 5 17 2 5 19 1 15 2 1 20 5 14
6 5 2 13 5 14 4 9 3 2 1 8 3 1 18 2 2 5 9 1 5 8 2 5 14 2 14 3 4 13 1 20 5 13 5 4 5 5 13 1 14 3 13 2 6
4 3 2 12 3 8 1 19 1 1 15 4 1 9 3 6 5 15 2 3 1 1 18
6 3 5 2 2 7 4 8 1 5 2 5 4 2 3 17 5 15 2 3 1 16 2 2 14 3 15 2 4 7 2 2 2 2 20 4 10
6 5 2 16 1 15 5 20 3 15 4 6 1 1 12 1 1 13 5 1 15 3 5 5 18 2 5 4 20 5 4 16 2 3 5 17 3 8 1 10 4 3 18 2 4 4 11 5 8
4 5 4 2 5 13 3 19 1 18 2 2 5 1 12 2 10 4 7 5 13 3 13 1 5 5 3 5 19 2 15 4 8
5 1 3 7 1 4 17 5 1 17 4 20 3 11 2 6 5 17 5 5 13 3 15 4 17 2 9 1 18 5 2 12 4 13 1 8 3 7 5 19
5 5 1 9 5 6 3 12 4 2 2 10 4 4 7 5 7 2 9 3 16 3 3 17 2 2 4 3 3 3 15 5 6 1 11 2 4 20 5 5
5 2 5 14 2 9 3 2 19 4 5 3 14 5 4 4 1 4 3 8 2 20 5 9 5 2 8 1 15 5 7 3 15 4 16 5 3 17 1 14 2 14 4 9 5 8
4 2 3 5 4 16 5 1 7 5 10 3 15 4 12 2 2 1 3 9 5 2 19 3 18 1 9 4 10 5 12
5 1 2 5 2 5 19 2 3 1 5 12 4 5 6 4 12 2 11 1 3 3 5 15 4 13 2 3
6 3 5 9 1 4 2 10 4 3 11 4 10 1 6 5 9 3 2 16 5 13 3 16 2 5 5 3 7 4 3 9 1 17 2 2 5 3 2 4 11 1 5
5 4 4 20 1 11 3 13 2 2 4 2 17 5 17 1 14 3 17 3 4 17 5 3 2 13 3 5 14 2 6 3 5 1 2 5
7 5 5 10 3 6 4 11 1 9 2 6 4 1 4 4 20 5 11 3 8 4 4 8 2 8 5 10 1 12 3 2 14 5 7 4 5 4 5 20 1 2 4 7 3 14 3 4 15 2 2 5 9 5 3 4 2 20 1 5 5 15 4 18
5 4 3 13 5 6 1 14 4 7 4 1 12 3 6 5 13 4 17 5 2 20 5 18 1 4 4 12 3 3 5 5 8 2 2 4 4 1 14 3 8 2 2 5 3 7
8 1 1 4 1 1 6 5 4 16 5 10 2 4 1 12 3 16 1 2 8 4 1 10 5 15 4 6 2 20 3 5 16 1 7 2 11 1 3 8 4 4 11 3 12 5 3 1 11