25 5
6 5 1 10 4 16 5 12 2 17 3 7 5 1 4 2 16 4 5 3 7 5 18 1 3 4 1 5 15 4 3 9 4 15 1 19 2 12 2 3 13 4 18
6 1 3 7 5 4 11 2 7 5 12 3 11 1 8 2 1 14 2 8 2 2 8 3 16 2 2 17 1 14 2 5 3 4 6
6 3 2 7 4 7 5 7 3 5 6 3 17 1 8 2 4 15 3 17 5 3 11 2 5 1 7 5 13 4 17 4 2 20 3 8 5 6 1 9 1 1 12
8 5 5 4 3 5 2 5 1 15 4 7 5 4 3 1 17 3 11 5 5 2 14 4 4 10 1 7 5 4 3 11 4 4 18 2 4 5 7 1 6 3 4 17 1 10 5 18 5 5 4 4 4 3 14 1 17 2 17 5 3 11 1 12 5 10 2 6 4 15 3 1 10 5 17 4 5
4 5 3 17 4 10 5 3 1 20 2 2 5 2 10 5 14 1 11 4 7 3 9 3 4 17 1 16 3 17 3 3 5 4 19 2 12
6 1 3 4 1 5 15 1 2 2 5 5 7 1 5 4 5 3 14 2 2 1 5 4 5 3 12 4 12 2 11 5 7 1 2
4 2 1 14 2 18 1 2 10 1 3 12 3 5 11 2 8 1 6
5 5 1 9 4 4 5 8 2 4 3 9 1 4 6 5 3 19 5 7 1 13 2 11 4 8 2 5 4 3 17 3 2 19 1 10 4 3
8 3 2 7 1 18 3 16 2 3 5 1 19 3 2 3 3 9 4 8 2 2 13 4 5 1 3 5 5 3 13 5 10 2 20 1 16 4 11 4 4 14 2 14 5 10 3 18 4 5 5 2 6 1 2 4 4
8 2 4 12 2 13 5 1 12 5 11 3 7 2 9 4 12 4 1 18 3 11 5 19 4 19 2 4 9 1 5 5 1 13 4 5 5 20 2 13 3 17 4 3 13 4 4 1 3 5 2 2 3 9 2 2 1 2 12
4 3 2 3 5 19 3 16 5 3 10 1 17 4 7 2 3 5 3 5 2 7 3 19 1 15 4 9 5 19 4 1 4 2 14 3 12 4 20
4 2 1 2 4 4 2 3 8 4 19 5 3 13 4 7 5 7 2 17 1 11 5 5 8 1 14 3 15 2 16 4 15
6 3 1 10 3 7 4 9 4 3 6 2 15 5 9 4 12 3 4 19 5 16 1 5 4 5 6 1 20 2 18 3 17 1 2 19 2 5 5 3 16
6 1 3 4 3 1 17 4 11 3 5 3 3 14 4 10 2 12 4 1 12 4 14 5 2 2 20 5 2 16 3 7 1 14 5 8 4 14 2 4 6 5 16
4 2 3 14 4 10 1 1 18 4 5 20 2 10 1 20 4 9 2 3 6 2 11
4 2 5 2 2 5 4 4 18 3 11 1 3 5 19 5 1 14 5 13 3 18 4 5 2 7 5 5 19 3 10 2 9 4 2 1 6
7 1 4 15 3 4 9 5 14 3 6 4 2 11 5 8 3 18 1 12 3 3 12 5 10 1 2 3 4 9 5 5 3 5 2 5 14 4 11 4 5 18 4 3 2 18 1 19
5 2 5 7 4 15 2 3 2 4 16 4 3 10 5 17 1 19 4 16 2 3 19 4 3 4 1 9 2 3 4 13 5 20
6 5 1 5 5 12 3 14 4 5 2 9 1 1 10 4 3 20 2 4 4 6 1 13 5 1 11 5 2 2 20 4 14 3 10 4 3 3 2 14 4 17 5 18 5 5 6 3 6 4 3 1 15 2 4
7 4 2 7 1 6 4 9 5 15 4 3 15 1 7 5 11 2 9 5 2 8 5 10 4 17 1 3 3 18 1 4 6 4 2 19 3 9 4 12 1 18 3 2 10 3 17 4 10 3 5 16 4 12 1 6
7 5 1 18 2 10 3 16 5 13 4 6 3 2 18 1 3 3 12 4 5 5 1 12 3 6 4 12 3 2 5 5 17 3 10 3 3 16 2 16 4 13 4 2 5 5 6 3 10 1 19 2 5 3 2 19
6 1 4 5 3 3 9 1 18 2 2 3 2 17 4 8 3 20 5 2 10 5 5 4 9 3 3 1 16 5 4 5 1 7 2 6 5 14 3 2 4 5 20 1 11 3 13 4 5
7 4 4 16 2 10 3 3 1 7 3 3 10 4 15 5 11 1 3 9 2 3 13 2 19 5 2 5 4 20 3 9 5 19 1 10 3 2 4 3 14 5 18 5 1 14 5 8 2 6 3 7 4 14
5 4 5 11 1 7 2 6 4 12 5 5 8 1 10 4 10 2 10 3 16 4 4 11 2 19 1 7 5 7 5 4 10 5 3 2 5 3 4 1 2 3 1 11 4 8 3 17
4 5 1 8 4 17 2 19 3 7 5 17 4 5 6 4 15 3 4 1 2 2 3 16 1 13 2 2 14 4 4