25 5
8 4 3 18 5 8 2 18 4 5 5 4 14 1 6 3 8 5 16 2 2 1 3 9 5 5 18 3 18 1 10 2 11 4 13 2 4 14 5 15 4 2 16 1 12 4 13 5 11 5 2 3 4 7 3 11 1 12 5 7 4 5 11 1 5 3 13 2 19
5 1 4 3 5 4 17 3 20 2 11 1 13 5 18 5 2 20 3 12 5 7 4 4 1 5 1 1 5 3 4 12 1 5 2 14
8 1 2 5 1 2 6 1 1 11 4 5 20 1 10 2 6 3 18 5 5 14 1 15 2 3 3 14 4 15 1 3 20 2 2 3 4 11 5 2 11 1 17 5 13 3 14 4 9
4 5 3 6 2 7 5 18 1 5 4 13 2 5 5 3 14 2 3 5 1 14 4 2 17 5 2 1 2 4 5
7 2 3 13 2 4 2 5 8 4 13 2 1 12 2 8 2 5 9 2 11 3 2 9 3 8 4 19 2 5 13 1 11 4 1 2 3 2 2 4 4 9
8 2 4 9 2 18 5 5 8 4 14 1 6 3 6 2 9 2 5 20 2 13 5 1 20 3 8 2 13 4 13 5 8 4 1 10 2 8 4 10 5 16 5 1 13 5 19 3 17 4 4 2 17 4 1 2 4 20 2 19 5 14 4 1 19 2 11 3 16 4 8
7 3 5 17 3 12 2 19 4 4 16 3 15 1 12 5 12 5 3 10 2 8 4 13 5 18 1 3 1 5 18 2 3 19 5 10 2 1 3 4 12 5 4 11 2 10 3 18 5 10 1 9
4 1 5 8 1 2 15 5 2 15 3 2 4 19 1 7 5 14 3 1 5 2 5 4 3
8 5 2 10 4 5 5 4 3 10 1 4 4 3 18 4 9 5 5 1 17 4 1 2 5 13 2 9 4 2 4 4 17 5 3 1 15 3 11 1 1 10 3 1 15 2 17 3 4 2 1 2 2 14 1 3 6
8 5 5 20 4 12 2 20 3 15 1 10 4 2 4 5 10 3 10 1 11 1 3 9 1 3 10 4 3 16 4 20 2 12 1 6 2 3 8 1 3 4 3 4 2 10 4 6 5 5 4 4 19 1 14 5 2 3 6
4 4 5 5 1 6 4 15 2 20 1 1 17 5 1 2 4 12 5 10 2 3 3 7 5 3 3 1 18 4 8 5 11 2 15
8 3 5 13 1 11 2 16 5 3 8 2 3 5 14 1 3 4 18 3 1 3 3 20 2 18 2 5 9 4 8 5 3 3 5 7 2 6 4 12 1 5 4 1 5 3 17 4 17 2 9 5 5 11 2 4 4 18 1 15 3 5 4 3 2 2 8 5 6 1 11
4 2 4 4 3 20 4 4 2 3 19 1 10 2 19 3 2 2 1 14 3 10 2 5 3 3 17
8 5 5 7 3 4 1 5 2 10 4 9 5 1 8 5 8 4 10 3 5 2 11 2 5 19 3 8 5 3 2 2 19 4 2 5 15 1 19 4 4 8 1 6 2 11 5 4 1 2 5 5 4 7 5 6 3 19 2 12 1 14 1 1 6
8 2 3 10 2 20 5 4 14 3 16 2 11 1 4 5 16 1 4 13 5 4 7 2 18 1 18 3 8 5 20 5 3 17 5 10 4 13 2 17 1 3 3 1 9 3 15 5 15 2 4 7 2 14 1 5 6
5 4 1 18 3 16 4 17 5 8 4 1 17 2 5 3 8 5 6 1 5 18 4 2 8 5 7 1 16 4 7 2 1 6 2 9
8 4 4 4 2 17 3 10 1 10 5 2 4 5 9 1 20 4 11 3 16 5 5 9 4 17 1 8 3 12 2 14 4 3 5 4 11 2 12 1 13 3 2 14 4 2 3 19 1 2 16 3 3 16 1 20 5 13 2 1 2 5 18
6 1 3 16 3 1 14 3 9 4 12 1 2 13 4 5 8 2 18 1 9 3 14 1 5 12 4 4 16 3 10 2 3 5 2
7 2 4 3 3 5 4 5 19 3 14 1 8 2 14 1 4 13 1 4 5 1 1 13 3 1 4 3 2 5 2 5 1 13 4 11 5 3 3 4 2 2
8 4 2 12 3 14 1 8 4 14 3 4 16 5 3 2 3 1 1 15 4 4 16 3 17 1 8 2 12 5 4 11 3 17 5 9 2 5 1 13 5 5 3 3 14 2 9 1 11 4 12 5 2 11 3 17 1 16 5 14 4 14 3 4 15 1 11 5 9
7 5 1 19 3 3 2 9 4 14 5 6 2 5 11 2 13 5 1 6 3 19 2 13 4 3 5 19 3 5 15 4 5 2 2 4 3 7 2 14 1 12 5 19 2 2 12 5 3 3 5 4 1 18 3 13
7 1 5 15 4 5 3 2 11 4 5 1 5 4 3 3 1 3 2 20 5 10 2 4 19 2 19 4 4 2 2 19 5 10 3 15 5 1 5 5 6 3 13 4 16 2 20 4 4 13 1 15 3 19 2 16
5 2 4 16 5 3 5 1 18 2 19 5 10 4 18 3 13 2 3 15 4 6 1 4 5 1 2 2
4 2 3 10 4 14 5 3 2 5 19 2 6 4 17 1 9 5 1 8 2 13 3 8 5 15 4 14 3 2 8 1 15 3 13
8 5 2 5 1 7 4 9 5 20 3 18 5 4 14 3 16 1 15 5 9 2 16 5 3 13 5 6 1 20 4 17 2 12 1 3 9 4 2 6 5 8 1 15 4 16 4 3 16 1 3 4 10 5 18 1 5 3 2 5 13 2 13