25 5
8 3 4 18 3 13 2 20 4 3 4 1 3 5 3 2 8 2 5 3 4 6 2 5 5 4 14 4 3 3 5 3 1 9 2 6 3 1 10 3 17 4 16 5 5 7 2 13 3 2 1 5 4 5 3 3 14 5 4 1 18
4 3 3 11 2 11 5 6 1 2 2 1 5 6 5 1 9 2 5 3 15 5 13 4 12
5 4 1 13 4 9 5 11 2 17 2 3 20 2 20 5 3 17 2 6 4 10 1 15 5 16 4 1 5 3 6 5 15 2 13 3 1 6 5 3 3 16
4 2 3 10 5 14 2 3 13 1 3 5 4 16 1 12 5 8 2 20 3 8 4 2 8 5 11 1 10 3 17
4 5 3 14 4 19 1 14 5 12 2 15 2 4 10 2 4 1 3 10 1 3 10
6 1 3 9 2 3 16 5 11 2 2 13 3 3 2 5 14 4 18 5 4 2 3 20 1 8 5 15 2 3 4 4 3 1 5 3 11 5 20
5 1 5 2 1 3 4 3 4 13 1 19 5 11 3 4 6 3 17 1 17 5 3 2 1 9 2 16 4 2 5 2
5 5 1 19 3 6 5 18 2 11 4 4 4 5 11 4 8 2 5 3 2 4 3 18 2 19 4 9 1 20 4 5 19 1 5 2 9 4 17 3 3 17 4 5 1 10
6 5 2 14 4 16 3 3 5 8 1 10 1 2 17 5 2 6 1 10 5 6 3 8 4 5 5 3 17 5 11 4 16 2 7 1 11 5 5 9 1 3 2 10 3 11 4 14 5 4 16 1 11 5 5 2 15 3 4
5 2 1 12 4 13 2 4 6 2 16 4 5 20 4 9 1 6 3 17 1 4 11 2 2 10 4 16
6 2 2 16 3 14 5 1 2 3 14 2 13 4 11 5 8 1 2 20 4 5 20 1 5 3 11 4 20 5 4 8 5 3 2 19 1 18 3 16 5 1 8 5 17 3 17 4 15 2 4
8 5 3 18 5 18 4 19 1 9 2 3 1 5 8 5 5 2 1 19 3 5 4 15 2 19 5 2 18 1 5 4 13 3 14 5 11 4 2 12 5 18 3 12 1 16 4 5 13 2 12 1 5 3 7 4 2 20 5 17 3 2 4 13 4 3 17 5 4 4 18 1 11
4 1 1 10 4 4 16 3 8 1 9 2 19 4 2 15 4 17 1 5 5 20 3 1 20 2 16 5 16
7 1 4 16 5 3 10 4 11 2 19 5 15 1 6 3 3 13 2 7 4 17 2 5 5 3 12 4 4 12 3 10 1 11 2 15 4 4 19 5 6 2 13 1 17 5 3 4 5 4 1 8 4 20 2 4
5 2 4 12 3 12 2 5 4 1 20 5 2 12 1 6 3 19 4 7 5 11 4 2 4 4 13 3 4 5 9 5 5 8 2 6 1 10 3 2 4 19
4 2 5 6 3 18 4 1 11 3 6 5 14 2 11 3 1 19 3 15 4 17 2 5 2 2 7
5 5 3 19 4 7 1 20 5 8 2 17 1 3 8 3 3 3 5 2 4 6 3 4 3 2 7 1 19 2 1 19 4 5
6 3 1 13 5 8 2 19 1 2 15 5 2 5 1 6 4 4 5 19 3 6 1 2 9 1 4 15 1 1 14
8 5 4 11 2 18 5 5 1 19 3 3 5 3 11 2 3 4 11 5 8 1 13 1 5 12 5 1 3 4 18 2 8 3 8 5 3 2 2 11 4 15 3 2 12 1 5 4 19 1 5 8 3 5 7 1 9 3 6
8 3 2 10 3 5 1 13 3 5 7 1 5 4 3 1 3 15 4 4 12 3 19 5 20 2 13 4 4 17 1 20 2 19 5 4 3 2 19 4 15 5 12 5 3 12 5 11 2 8 1 11 4 16 5 4 13 5 8 3 13 2 5 1 15
8 4 4 5 2 10 1 2 3 12 2 4 10 2 3 3 3 19 2 13 5 3 5 3 4 1 15 4 14 2 18 5 8 3 3 16 4 14 2 6 1 1 6 5 3 8 2 20 1 10 4 9 5 17 5 4 13 1 7 2 3 5 20 3 13
4 5 5 6 2 12 4 17 1 7 3 3 2 3 7 1 4 3 4 15 5 5 1 12 3 4 7 1 12 2 14
4 1 1 19 1 4 16 2 4 5 1 13 3 1 16 2 20 3 6
8 3 5 7 2 4 3 5 2 5 15 4 8 3 3 4 4 3 2 2 2 1 5 3 12 4 2 2 5 18 1 16 3 12 3 4 4 5 5 2 19 1 3 11 1 3 3
4 5 2 14 5 10 4 14 3 17 1 3 2 4 16 2 8 5 1 3 2 13 3 5 5 18 4 9 2 2 3 5 16