25 5
7 4 3 17 4 13 5 19 2 2 2 5 12 3 16 5 1 12 4 9 5 4 3 7 2 2 1 2 4 3 3 17 4 4 1 18 3 3 11 4 9 2 7 4 2 14 5 4 4 9 1 19
7 5 3 20 4 4 1 9 2 16 5 19 1 4 11 1 5 15 5 5 7 4 9 1 7 2 20 3 10 3 4 10 3 7 2 20 3 1 10 5 4 2 7 4 5 2 1 3 3 18 2 18
7 3 4 7 3 20 1 6 4 4 20 3 20 5 6 2 4 2 5 12 4 16 5 2 17 5 15 3 15 1 3 4 2 3 1 11 4 13 5 7 2 3 19 4 4 3 3 13 5 6 4 16
7 2 2 3 3 3 2 1 12 3 17 5 1 3 3 5 2 8 5 13 4 11 1 1 4 4 4 11 5 7 2 6 1 6 4 2 11 4 16 1 6 5 19 1 2 11
4 4 5 4 4 17 3 13 2 9 5 1 13 3 13 4 18 2 15 5 11 4 2 8 1 11 4 19 5 15 1 2 3
4 1 3 9 2 2 16 1 6 5 2 5 5 15 3 6 4 20 1 8 1 3 11
4 4 4 9 1 4 5 5 2 3 5 1 19 3 8 5 9 4 7 2 2 5 3 12 5 2 2 4 4 4 1 10 4 5 6 1 19 4 18 2 9
5 3 3 5 1 13 4 4 4 3 15 5 14 4 5 1 15 1 1 7 4 1 2 4 2 2 15 5 7 3 2 6 3 16 1 17
6 1 5 11 4 3 20 2 15 5 9 4 6 1 4 9 3 1 15 2 12 4 18 4 3 10 5 2 4 10 1 19 5 3 13 1 6 4 20 5 20 2 20
6 1 4 10 3 3 11 4 4 2 9 3 1 12 5 16 4 16 1 3 19 3 4 5 3 8 1 10 4 3 13 2 17 5 16 1 9
5 5 3 11 5 2 2 7 4 3 1 3 1 1 9 3 1 8 2 13 3 9 4 2 7 4 7 1 7 5 19 2 3 4 2 20
4 4 1 11 2 11 3 17 5 16 4 4 10 2 2 5 15 3 13 5 1 2 4 16 5 14 2 14 3 3 1 5 13
5 4 1 15 5 8 2 8 4 13 5 3 8 1 20 4 9 2 2 5 18 5 3 6 4 11 5 13 2 4 1 12 4 3 10 4 10 5 10 2 4 2 4 4 2 5
7 3 1 11 2 8 3 20 4 3 17 1 9 5 18 2 9 3 1 3 5 13 4 7 5 1 7 3 6 5 10 2 3 4 9 4 1 12 5 8 3 16 2 9 1 2 12 3 5 8 1 8 3 10
8 3 3 18 4 19 2 16 2 2 5 3 11 4 3 4 4 19 1 7 2 6 2 4 14 1 8 4 3 11 4 6 2 10 5 15 1 1 11 4 1 10 3 13 2 2 4 8 5 4 16 1 15 5 6 3 7 2 15
7 4 5 9 2 8 4 10 3 14 4 3 15 5 2 4 13 2 14 1 2 5 2 5 5 3 9 4 5 11 2 16 1 15 3 8 4 2 10 4 7 5 19 1 11 5 4 10 3 6 1 14 2 2 5 3
6 2 5 20 4 14 4 3 6 2 10 5 8 4 20 2 4 5 5 17 4 2 12 1 9 4 17 3 19 2 2 13 4 6 5 5 3 4 9 3 9 2 15 1 7
5 1 1 5 3 5 13 2 3 1 9 5 1 16 2 13 3 13 4 7 5 8 2 5 4 3 6 3 1 7 4 19 3 5
8 2 5 8 1 7 3 5 17 3 7 4 13 4 3 7 4 8 5 4 1 17 5 2 12 5 7 4 4 3 3 1 4 5 3 6 4 8 1 13 2 6 5 12 1 1 14 4 2 18 1 16 3 17 4 9 2 4 13 2 9
6 4 5 19 4 8 1 8 2 6 5 5 7 1 20 4 10 2 10 3 4 4 3 17 5 18 4 2 2 15 1 2 4 4 4 15 2 17 5 5 3 14 3 2 13 4 8 3 3
8 1 3 3 4 1 20 2 20 5 6 3 11 4 5 8 1 8 3 11 4 14 1 4 20 4 5 10 1 3 3 7 4 20 2 4 3 3 17 3 1 17 2 19 3 15 2 1 14 2 6
7 3 2 3 1 17 5 14 4 2 14 5 17 4 6 1 2 5 1 3 2 6 4 20 3 8 5 20 1 5 10 2 4 15 2 2 1 2 12 5 1 11 2 2 3 3 4 19 5 7
6 4 4 17 1 18 2 19 3 2 4 1 20 4 15 5 14 3 15 4 3 20 2 6 1 17 4 11 3 3 13 2 3 5 10 5 2 4 1 17 3 8 5 16 4 20 4 1 4 3 17 2 6 4 7
7 5 5 16 2 18 3 16 4 8 1 2 4 2 11 1 10 4 9 5 4 2 1 19 2 4 2 3 7 5 2 4 1 2 2 14 3 3 5 17 1 5 12 5 3 2 4 19 1 6 5 20 2 19
6 2 3 20 1 3 3 5 9 3 11 4 3 1 4 2 2 2 20 3 9 2 2 8 3 7 2 2 20 1 13