25 5
4 2 1 4 4 12 4 5 8 3 16 2 4 4 18 5 1 12 5 13 4 13 3 8 2 20 1 5 8
8 4 3 18 5 17 4 13 2 7 5 4 17 1 4 5 16 3 18 2 14 3 1 11 5 5 3 17 1 1 5 3 4 4 5 9 3 5 1 2 9 3 3 19 5 15 1 6 2 4 7 3 3
8 1 3 12 2 5 2 3 17 5 3 12 1 13 5 6 2 4 4 10 3 5 15 4 13 1 16 3 3 10 1 7 5 16 2 4 8 1 3 4 2 18 5 12 4 12 1 6 1 2 14
6 2 5 7 2 19 1 4 7 5 4 13 3 8 1 15 5 14 2 8 4 1 11 2 7 3 16 4 17 5 3 13 5 12 1 17 2 16 4 6 1 4 18
7 3 2 14 4 20 5 18 3 1 10 3 19 5 9 4 5 12 2 6 1 15 3 6 1 2 14 4 4 20 5 4 2 20 3 3 1 4 13 1 4 13
5 3 3 12 5 5 1 20 1 1 3 2 2 5 3 18 1 2 7 1 5 19
4 1 4 12 3 5 8 2 12 3 18 3 3 9 5 18 2 4 2 5 17 1 10
6 5 2 7 5 18 1 13 3 14 4 5 2 5 5 3 18 3 4 6 1 6 3 11 2 4 2 5 9 4 1 12 4 2 3 8 2 9 1 5 8
5 3 2 17 4 13 1 12 5 4 16 3 18 1 16 2 13 5 6 5 4 17 5 5 2 14 1 4 3 16 4 4 17 2 8 1 8 3 12 2 3 17 1 6
6 4 1 6 2 13 5 16 3 19 3 3 5 4 4 5 8 1 2 16 4 4 2 2 12 5 13 3 4 4 4 5 2 3 5 10 1 13 5 2 13 3 11 5 14 4 13 1 8
4 5 5 20 1 15 4 12 2 3 3 15 1 5 6 1 4 11 5 4 11 5 8 1 18 2 14 3 8
4 3 5 16 2 4 3 19 2 5 18 2 6 5 5 14 4 20 1 7 3 2 2 10 3 5 4 1 15 3 8
6 4 4 9 1 11 3 4 5 18 2 3 17 1 15 3 2 9 5 17 1 6 3 5 20 4 6 2 6 4 2 18 3 3 5 8 4 9 3 1 11 4 11 2 16
7 4 4 8 1 2 3 19 2 14 2 1 2 2 14 1 3 2 4 5 16 4 17 2 6 1 19 3 5 3 3 5 2 10 1 2 2 1 2 19
8 5 1 13 3 2 2 11 5 4 4 7 4 3 19 1 5 4 16 2 18 2 1 9 5 6 1 2 12 5 2 18 3 18 1 14 4 7 5 10 4 2 10 4 6 1 2 5 19 1 5 14 5 3 6 2 3 1 12 5 13 4 14
8 4 2 2 1 2 5 7 4 14 1 3 7 5 4 9 3 8 5 4 2 16 1 17 5 4 11 2 3 5 19 1 6 3 3 5 1 12 3 14 4 13 5 12 2 14 2 4 6 1 7 1 2 12 3 1 12 4 18 3 10
6 3 5 9 1 16 4 12 3 5 16 1 2 2 5 2 1 18 2 19 2 2 7 1 19 4 2 13 3 4 4 14 1 5 4 4 6 3 15 5 5 2 10
6 1 1 12 5 3 4 2 9 4 5 1 2 5 20 4 5 9 3 4 1 16 4 4 5 5 2 2 13 4 13 3 6 1 20 1 5 4 3 4 7 5 15 2 3
6 4 3 15 5 8 4 13 2 8 4 5 13 2 14 1 7 4 2 5 4 14 5 9 3 19 1 14 2 19 2 1 4 3 16 2 2 14 1 9 4 5 14 2 13 3 6 1 3
4 3 5 6 1 4 2 17 2 3 17 2 11 3 5 10 1 8 3 7 2 3 9 2 9
8 2 1 4 3 2 4 1 20 3 5 2 10 4 11 2 2 20 5 20 4 4 11 1 19 3 17 2 7 5 1 7 4 19 3 16 5 7 2 15 5 3 13 1 7 2 17 4 8 5 4 2 3 8 1 6 4 1 18 3 14 5 5 2 20
5 1 2 17 4 1 10 4 6 2 18 5 8 2 4 8 1 18 3 1 3 5 9 2 2 5 3 8 4 17 1 10 5 19 2 7
4 4 1 4 5 7 4 13 3 13 3 4 9 5 5 2 19 3 1 20 5 7 4 2 3 2 7 1 20 4 13
7 4 2 4 1 7 4 10 3 10 2 2 4 1 16 2 2 6 3 4 3 3 3 4 8 1 14 1 3 17 5 2 13 3 19 1 16 4 7 5 14 2 5 7 1 2
4 2 2 13 3 19 3 2 7 4 18 5 12 2 1 15 5 5 2 4 11 2 18