25 5
7 2 1 19 2 7 2 1 8 3 19 5 2 10 1 7 4 9 5 20 3 10 4 5 7 2 9 1 11 4 18 5 5 18 2 11 4 7 1 19 3 9 2 2 19 1 12 1 3 9
5 4 5 17 3 3 2 2 4 20 5 4 2 5 12 2 19 1 12 3 9 4 3 13 5 11 2 17 4 14 1 1 2 1 1 2
5 1 4 4 2 1 15 5 9 2 1 2 5 10 4 4 6 2 11 5 3 1 10 1 3 7
5 2 3 15 2 3 4 1 20 5 7 4 13 3 8 3 4 2 3 20 1 11 1 2 13 5 5 9 4 19 1 4 3 17 2 19
8 2 1 3 4 12 5 4 7 5 20 1 15 3 11 2 18 1 2 15 1 2 19 5 1 4 3 18 4 14 5 3 2 16 2 1 10 4 19 2 4 17 5 13 2 5 16 3 12
5 1 5 5 1 1 15 2 2 5 3 20 1 4 8 5 2 10 4 19 1 12 5 11 3 12
5 4 4 15 2 19 3 2 5 14 4 4 3 2 3 3 14 1 18 4 5 17 4 2 1 2 3 15 5 5 15 3 9 1 8 2 16 4 4 2 5 11 2 13
4 4 2 4 5 9 1 19 3 5 4 1 7 5 17 4 19 3 8 5 5 16 3 7 4 10 1 16 2 7 2 1 6 2 2
7 5 5 18 4 7 3 8 1 13 2 12 2 2 6 4 17 2 2 8 3 7 4 3 10 2 3 1 13 4 7 1 5 17 1 4 3 3 1 5 4 16 2 14
8 3 5 19 4 2 1 16 3 4 8 5 6 1 19 4 2 14 5 10 4 16 1 19 1 1 18 2 2 19 1 5 2 1 3 5 6 1 1 13 4 2 17 5 17 4 16 1 9
7 1 4 4 2 1 15 5 9 3 2 3 4 5 3 10 2 4 16 5 13 3 3 18 4 2 5 7 3 1 17 3 7 5 18 4 5 15 4 10 2 10 1 18
4 3 2 5 3 5 1 5 3 5 15 3 2 1 12 2 1 12 4 13 3 1 16 5 11 2 17
6 5 2 11 3 14 5 2 4 11 1 17 4 4 3 3 14 2 6 1 11 5 2 9 3 7 1 6 5 11 4 3 3 2 2 5 14 4 7 3 2 4 5 16 1 18 1 5 15
7 3 5 13 2 3 1 2 4 2 3 5 17 1 15 3 10 4 4 19 1 15 3 9 2 18 2 3 9 2 18 1 1 14 2 4 12 2 15 5 4 7 2 15 1 19 3 15 5 19
7 5 1 13 3 7 2 9 4 15 5 5 2 4 14 5 3 2 3 4 1 5 1 2 18 3 4 8 3 19 1 18 4 4 3 5 7 1 5 3 15 2 5 14 1 15
7 4 2 2 5 15 1 15 3 9 2 3 11 4 8 1 3 20 1 2 9 2 1 12 2 10 2 3 7 2 20 1 2 20
5 1 4 9 1 3 8 3 5 10 3 7 4 16 3 4 9 1 10 5 18 2 2 14 4 11
6 5 3 18 2 4 4 20 5 18 1 11 4 3 19 4 20 1 19 5 6 2 5 8 1 9 5 5 4 2 6 4 16 3 14 1 12 1 5 2 5 2 12 3 17 1 6 4 6 5 20
6 1 1 19 2 2 17 4 15 5 3 13 5 10 4 17 1 10 2 10 5 3 20 2 19 5 13 1 12 4 19 1 4 2 1 4 2
5 1 1 13 5 5 20 2 8 1 15 4 8 3 9 2 3 4 1 12 1 3 6 2 3 11 4 20
4 1 1 3 2 5 6 3 18 2 2 7 5 19 2 4 4 1 10
7 1 2 14 1 5 5 1 3 6 3 3 5 1 2 2 18 2 3 7 5 19 3 3 11 1 16 2 17 3 4 13 2 17 5 16
6 1 1 9 1 4 6 3 2 20 5 14 4 9 2 4 14 5 6 1 3 13 3 4 2 3 8 5 14
8 5 1 8 2 4 5 16 3 20 4 16 5 3 10 1 12 5 10 2 18 4 12 3 5 18 3 8 4 2 2 3 16 5 12 5 5 15 2 7 3 5 1 10 4 16 1 1 10 4 2 3 4 5 1 19 3 6 1 4 17
5 4 5 10 3 15 2 12 1 3 3 1 20 4 20 3 6 4 2 7 1 19 3 11 4 18 2 1 4 2 11 5 5 12 3 20 2 7 1 3 4 5