25 5
6 1 5 9 3 4 3 3 6 2 2 2 5 2 1 12 2 1 14 2 2 4 1 4 3 13 5 2 4 7 4 1 6 4 11 3 15 5 11
5 4 4 18 1 16 5 3 3 9 2 1 10 5 13 2 1 11 3 2 4 4 14 3 8 1 17 5 2 1 1 10
5 5 5 16 3 6 1 18 4 12 2 18 1 3 6 5 5 8 4 19 3 5 1 15 2 17 2 2 20 3 10 4 2 19 3 11 5 8 4 12
4 5 4 12 1 17 5 7 2 17 3 20 1 4 10 3 1 5 2 4 4 9 2 5 15 2 14
6 1 1 6 1 4 12 4 3 5 1 19 4 19 2 17 1 3 20 2 1 16 4 18 3 1 13 3 2 2 10
5 3 4 14 2 2 1 7 2 1 19 4 2 5 3 11 5 17 1 10 4 7 2 7 2 2 13 3 5 2 2 20 1 7
8 1 4 15 3 1 4 2 3 5 8 5 1 17 4 3 2 6 3 19 5 6 1 5 12 3 4 8 1 9 2 20 5 3 5 2 6 4 5 5 3 1 4 1 1 7 4 4 16 1 11 3 8 5 13
5 4 1 8 4 17 5 9 2 3 3 5 13 1 14 2 6 1 4 4 1 2 5 1 1 18
5 2 4 14 1 20 3 1 2 4 3 3 2 4 3 11 5 17 2 2 4 7 4 3 20 1 2 4 2 5 14 5 3 9 2 6 5 18 4 19 1 20
5 5 3 13 5 7 1 17 2 2 4 16 5 3 6 4 19 1 14 5 10 2 9 2 4 20 3 4 5 1 7 3 19 5 8 2 10 4 19 3 3 12 5 19 4 5
7 3 5 17 4 14 1 8 2 2 20 5 15 1 1 12 3 1 4 5 4 2 19 2 1 16 5 16 4 4 9 2 9 3 2 1 17 4 3 3 1 20 4 2 5 4
8 2 5 14 4 7 1 3 5 1 4 3 5 5 13 1 5 4 20 2 15 3 7 3 2 19 4 20 1 20 4 4 7 5 7 1 5 3 15 2 1 12 3 7 4 4 7 3 10 1 6 5 18
7 5 2 9 3 9 1 20 5 14 4 18 5 5 16 4 11 3 17 2 5 1 20 1 1 2 2 5 18 3 10 1 1 12 5 1 17 4 15 3 4 5 10 2 19 2 5 2 2 17
4 5 1 7 4 17 5 19 2 10 3 15 4 2 20 5 9 3 14 1 5 2 5 13 4 17 4 1 11 5 12 2 12 4 13
4 2 2 17 3 5 4 2 19 3 10 4 4 5 6 3 2 15 4 9 5 5 4 3 11 2 4 4 7 1 13
8 4 2 19 3 5 1 10 4 5 2 5 11 2 11 5 5 4 3 15 1 9 2 4 4 11 5 3 6 1 9 5 4 4 2 2 6 5 3 15 2 15 1 16 4 19 5 3 4 1 10 5 8 4 11 3 11 5 4 16 2 19 3 9 1 3 5 14 5 4 8 2 2 1 4 3 19 5 14
5 4 2 11 4 16 3 11 1 9 3 5 11 2 2 1 6 4 4 3 3 13 5 6 2 14 1 1 11 5 1 17 5 10 4 8 3 14 2 16
5 1 5 7 5 5 18 1 9 2 7 3 20 4 19 3 5 13 1 15 3 18 4 2 18 5 5 1 16 4 9 5 1 8 5 17 3 7 2 9 4 11
7 4 5 5 4 14 2 9 1 7 1 5 8 5 1 11 2 13 5 8 3 18 4 11 3 4 7 3 11 1 3 4 4 6 5 16 1 8 3 17 1 3 19 2 4 18 3 4
5 1 3 4 4 5 14 1 16 4 19 2 8 3 3 4 5 9 4 14 5 3 17 5 16 4 2 1 20 2 8 4 3 11 2 20 5 10 4 12
7 4 3 5 4 6 2 14 5 7 2 5 8 3 17 2 5 10 4 6 5 2 14 5 2 3 14 1 17 4 11 1 3 10 3 1 5 5 11 2 2 4 5 16 4 7 2 3 1 10
8 3 4 4 2 16 1 2 3 5 8 3 7 4 13 1 4 4 1 1 2 3 4 16 5 10 3 6 3 1 4 4 20 2 10 2 5 20 4 12 3 3 8 4 9 2 17
7 3 4 13 5 13 2 17 2 5 15 4 11 3 3 10 4 7 2 8 3 3 6 1 17 4 3 5 5 15 4 12 3 13 2 4 1 10 2 3 8 5 20 2 1 17 4 5
7 3 5 4 4 8 3 10 1 3 17 3 4 4 5 16 2 14 1 2 9 3 4 6 1 5 5 7 2 5 19 3 3 5 5 10 1 2 4 4 3 19 2 16
6 4 5 17 4 15 2 15 1 14 2 3 17 2 19 3 1 18 2 13 5 11 3 4 10 5 15 2 16 2 2 9 1 5 1 5 13