25 5
7 4 1 11 3 18 5 13 2 8 5 2 5 4 12 1 8 5 14 3 12 4 2 18 1 16 4 4 5 5 2 5 16 2 19 5 2 17 4 16 1 4 3 19 5 19 1 5 14 2 5 6 4 9
7 1 2 18 1 4 15 3 2 15 1 10 3 11 5 1 6 2 3 4 4 3 8 5 20 1 2 5 1 2 12 2 1 2 3 20
4 3 2 18 5 8 1 14 5 5 9 4 19 2 7 3 9 1 3 5 2 7 3 8 1 7 5 11 4 11 3 1 13 2 2 5 16
5 3 3 19 2 19 4 11 1 3 17 4 4 15 5 5 1 18 3 8 5 5 14 3 13 4 16 1 9 2 15 3 4 18 5 14 2 14
4 3 1 6 5 13 3 16 5 4 14 5 20 2 19 1 11 3 17 5 2 17 1 15 4 2 5 13 3 10 3 1 20 3 8 4 4
4 2 4 12 5 19 5 3 9 5 5 4 2 1 19 2 5 3 3 6 2 17 5 16 1 1 2
5 1 4 7 1 1 3 4 2 11 5 9 3 14 1 5 5 2 9 5 17 3 19 1 11 4 6 3 4 18 3 9 2 3
5 4 4 18 2 7 5 5 1 4 3 4 8 5 17 1 2 2 3 5 5 17 3 3 7 5 10 4 8 1 1 3
5 1 1 8 3 1 15 4 12 5 5 1 3 6 5 1 4 5 19 4 18 3 11 2 10 3 5 9 1 14 2 17
7 5 2 8 4 10 3 5 1 3 5 19 3 1 13 2 14 5 6 5 3 19 4 9 1 8 2 16 5 20 3 5 12 3 2 4 8 1 1 17 3 2 5 4 16 5 18 3 4 16 1 11 5 10
6 2 4 4 3 5 2 5 20 1 8 2 3 10 5 18 1 3 9 5 5 9 4 5 3 11 1 18 2 9 1 4 10
5 1 3 20 4 4 10 5 8 3 9 1 8 3 2 11 1 13 4 13 2 3 2 5 7 1 3 8
4 2 5 4 1 4 2 2 15 3 13 3 2 10 1 18 4 4 3 3 5 2 17 4 12
8 1 4 7 3 3 11 5 10 1 7 4 4 11 1 16 2 12 3 12 2 3 18 4 15 1 3 18 5 4 4 5 14 1 16 3 9 2 7 1 2 5 3 2 5 4 2 5 14
4 2 4 19 5 13 5 1 20 5 20 3 12 2 6 4 2 2 2 15 1 18 1 4 20
4 2 4 9 5 4 3 4 19 5 4 2 16 5 2 12 5 7 3 9 4 4 1 17 3 1 20 4 20 3 4
5 5 2 4 5 5 1 9 3 13 4 9 2 4 18 1 15 2 1 10 4 7 3 1 5 3 20 2 18 3 3 20 1 2 2 13
8 5 2 2 4 14 3 9 5 10 1 13 2 4 14 5 6 4 3 2 2 17 1 3 4 4 3 1 19 5 14 4 9 3 1 20 2 9 3 7 2 5 18 1 4 4 2 8 3 5 4 15 5 19 2 2 12 1 4
6 5 5 16 4 15 2 7 1 20 3 14 5 4 6 1 20 2 9 5 16 3 11 5 4 8 3 9 1 8 2 3 5 18 2 1 5 4 9 5 5 15 2 15 1 9 3 15 4 20 2 2 5 1 6
7 3 3 20 2 19 4 13 5 2 9 3 20 5 7 4 17 1 11 3 3 14 2 11 5 9 1 2 19 3 3 15 5 15 4 12 4 3 19 1 3 2 6 4 15 5 1 2 4 18 5 10 3 9 2 4
8 2 2 5 3 9 5 5 4 4 4 1 18 2 16 3 6 3 5 19 4 12 1 12 2 1 20 5 9 3 2 4 1 3 4 18 2 1 16 5 15 4 5 10 4 17 1 7 3 15 5 5 8 2 14 4 4 1 17 3 13
8 3 5 13 3 4 4 6 3 4 14 1 4 5 9 5 4 14 2 14 3 16 5 7 1 14 3 2 9 4 14 1 13 5 4 13 5 19 1 18 2 5 3 10 2 3 10 2 13 3 2 4 1 6 5 9 3 5 19 4 8 3 19
5 1 4 2 1 1 17 4 5 19 4 14 3 10 2 14 2 2 9 3 16 1 3 13
6 4 5 18 1 3 2 18 4 10 2 5 9 1 7 5 3 7 1 14 5 4 2 11 4 15 4 3 14 4 14 2 17 1 2 4 5 7 1 19 4 20 2 19 5 1 14 3 20 5 13 4 8 2 14
6 5 3 9 2 2 5 15 4 5 1 19 4 3 14 1 12 5 17 4 18 1 3 3 2 3 6 4 15 3 1 17 2 19 3 12 3 5 5 4 15 1 18