25 5
8 5 4 9 3 16 1 19 5 9 2 16 4 1 13 3 6 4 6 5 19 2 4 2 2 8 3 1 11 2 14 5 6 2 5 14 4 18 1 5 19 3 4 13 2 20 5 9 2 5 6 3 19
8 1 2 9 1 1 18 1 3 20 4 2 12 4 15 1 8 5 7 5 4 2 3 16 2 11 5 16 1 7 2 1 19 5 10 4 2 18 3 11 4 18 5 9 4 4 9 5 20 1 5 3 16
8 3 1 17 5 8 4 4 1 1 6 3 3 12 1 10 2 2 1 1 16 2 2 3 1 18 2 5 6 3 17 2 2 15 3 16 1 5 3
5 4 2 12 1 6 5 5 3 2 2 2 17 3 5 5 3 10 4 14 2 2 5 11 1 19 3 2 19 3 11 5 14 5 5 8 4 4 2 10 3 18 1 16
7 4 2 3 3 2 1 7 4 17 2 5 19 2 14 3 3 16 2 3 4 20 1 2 5 2 2 11 4 18 1 1 9 1 4 4
4 3 1 10 2 10 3 20 1 2 13 3 1 17 3 20 4 12 2 3 14 5 2
4 2 5 5 2 19 3 4 4 1 5 3 15 4 3 16 5 20 2 11 1 2 2 4 7 3 18
4 2 4 12 3 12 1 2 11 5 5 10 4 7 3 17 1 17 2 7 4 1 7 5 13 3 5 2 8
4 2 2 4 3 7 4 1 7 2 16 5 13 4 2 4 2 19 5 15 4 2 3 13 4 3 4 2 16 5 17 4 20
6 2 5 20 4 17 1 5 6 1 5 7 3 4 11 3 18 5 13 4 1 2 2 18 3 8 4 8 2 1 16 4 16
7 5 4 5 1 18 3 12 2 10 5 13 2 1 20 2 6 4 5 7 2 20 4 11 1 17 5 5 20 2 12 1 2 4 12 3 20 4 4 9 5 3 2 15 1 15 4 1 10 2 15 3 10 4 2 5 2 5 1 3 4 15 3 9 5 15
5 4 2 5 1 6 5 11 4 15 2 4 3 1 2 2 5 2 2 11 2 2 2 4 6 3 1 4 5 4 2 20
5 5 1 15 2 5 5 10 4 20 3 20 3 3 7 5 18 2 5 1 1 16 4 2 18 4 9 3 4 5 17 4 3 2 5 6 2 9 4 2
7 2 2 5 5 14 3 1 19 3 17 2 7 3 5 13 4 20 1 3 1 5 12 1 2 8 3 2 16 3 5 5 3 3 1 14 3 20 4 4
7 2 3 11 1 9 5 2 20 1 18 5 15 3 2 4 2 1 2 4 2 4 13 2 19 2 3 17 5 13 3 1 20 2 18 4 13 2 3 13 1 3
6 2 4 15 5 15 3 3 4 1 6 4 12 2 5 8 4 2 5 1 4 3 19 5 5 2 20 4 5 4 5 12 1 17 4 14 2 4 1 1 18
8 5 5 16 2 8 4 11 1 9 3 17 1 2 13 5 4 13 3 20 2 11 1 12 5 3 1 1 20 5 1 16 4 10 2 11 3 20 5 5 2 2 8 4 3 5 3 2 4 8 5 3 1 2 2 17 3 3 12 2 5 5 7
8 5 2 15 5 16 3 19 1 20 4 4 4 1 6 2 3 3 18 4 10 4 2 6 1 13 5 13 4 5 1 5 6 2 1 9 2 16 1 2 11 2 4 12 5 4 5 5 8 3 12 2 7 1 11 4 17
8 1 5 2 2 3 11 2 18 2 1 7 2 15 2 3 14 5 5 4 1 5 4 19 3 20 5 4 5 4 13 1 2 2 17 5 11 3 2 1 2 14 1 3 17
7 4 1 14 2 5 3 5 5 5 2 4 10 3 14 5 4 10 3 13 2 12 1 4 5 4 2 2 3 5 4 2 1 13 5 6 1 3 12 3 2 18 1 7 3 11
4 2 3 20 5 4 5 2 6 1 13 3 15 5 8 4 10 3 2 18 4 7 5 3 3 4 2 5 8 2 20
8 3 4 2 5 3 2 18 2 1 15 3 19 3 5 18 2 9 1 3 4 3 18 5 4 1 13 4 5 1 2 2 1 2 8 3 4 4 2 10 1 10 4 2 8 4 15 1 11 5 17
4 5 2 8 5 7 1 15 4 10 3 7 1 3 5 3 2 11 4 20 5 10 4 4 14 5 2 1 19 2 19
8 4 2 2 4 20 1 2 5 13 1 4 10 2 3 13 5 7 1 1 11 5 5 8 4 14 2 4 3 17 1 7 3 2 16 5 6 4 15 1 5 20 4 5 14 4 10 2 19 3 8
5 5 2 6 5 9 3 19 1 18 4 9 3 4 15 3 8 2 9 4 2 18 1 10 5 17 4 16 1 4 11 2 1 19 2 18