25 5
8 4 4 18 1 9 3 13 5 11 3 2 4 4 6 5 18 3 3 17 2 11 4 11 5 1 14 4 11 3 13 5 16 2 5 1 3 9 1 5 20 2 1 14 5 12 3 2 11 4 17 1 4
5 4 1 12 2 7 4 19 3 17 4 5 14 4 7 1 12 3 8 1 1 18 1 3 5 2 3 12 5 13
7 2 5 3 3 15 5 5 16 4 12 2 4 1 20 3 9 2 2 13 5 6 3 2 4 4 13 1 9 3 1 20 2 10 4 7 1 2 10 2 4 7 2 16
4 2 3 17 2 2 2 5 14 4 19 3 4 5 1 10 5 19 2 1 4 2 3
8 5 4 3 2 7 1 11 5 9 3 9 5 5 9 3 18 1 20 4 13 2 17 4 2 10 4 2 3 15 1 14 3 3 2 4 6 1 20 4 3 12 1 5 4 7 2 9 1 3 9 4 2 18 4 19 3 8 1 19 5 4 5 5 19 3 8 1 17 2 2
5 2 2 19 1 4 1 1 5 2 4 3 3 9 1 4 16 3 1 18 3 14 4 8
7 4 5 2 4 19 2 16 3 8 2 4 17 2 17 4 4 4 1 4 5 19 2 2 2 4 6 2 11 3 4 11 3 9 2 18 1 3 9 2 4 18 5 9
8 1 1 4 5 5 16 3 12 1 12 4 12 2 2 5 2 3 4 12 3 18 1 8 5 4 2 2 12 5 5 3 1 4 4 7 3 19 5 3 13 4 16 1 15 2 3 5 8 3 3 10 5 18 1 6 4 3 13 5 16 4 18 1 20
4 1 2 9 1 2 2 3 4 4 5 18 3 5 3 3 13 5 18 4 10
5 2 2 10 4 12 1 4 16 3 1 3 3 16 5 12 2 4 8 1 3 5 4 6 2 6 1 20 3 8 5 16
7 5 4 12 2 8 1 16 5 8 3 11 1 5 18 1 4 16 1 4 6 1 3 12 3 1 9 4 13 2 14 1 3 20
7 3 3 7 5 4 1 10 3 1 15 2 4 5 9 2 1 10 2 3 2 3 17 4 2 5 5 15 4 11 2 18 1 18 3 7 2 1 9 4 4 2 2 11 3 7
8 3 5 15 3 16 4 20 5 4 5 3 9 5 12 1 10 2 17 4 3 18 1 13 4 5 5 7 5 2 2 3 9 5 7 1 17 4 8 2 5 20 4 6 4 2 10 1 16 3 13 5 13 5 5 5 3 17 4 13 2 20 1 4 5 2 14 5 19 1 20 3 18 4 20
4 1 2 2 1 2 5 3 1 18 2 13 4 7 5 2 18 5 18 1 4 3 20 4 14
5 2 3 19 4 19 1 3 18 5 2 5 4 18 3 2 5 20 1 3 2 3 16 4 8 4 1 4 3 5 4 13 5 18
8 5 5 15 1 9 2 6 3 15 4 7 3 5 18 2 6 3 3 1 4 12 3 5 15 4 12 2 14 4 1 19 3 16 4 20 5 17 2 2 4 1 19 2 1 13 2 8 2 4 3 5 8
4 3 2 12 1 18 5 2 1 3 13 1 3 18 2 4 3 3 10
4 2 1 11 4 3 4 5 4 2 9 3 2 4 6 4 2 8 4 12 5 14 3 16 2 4 10 5 11
7 2 5 14 3 15 2 2 20 1 10 5 4 4 2 14 1 5 3 2 5 3 2 2 17 5 17 2 1 6 2 9 3 2 5 5 17 1 11 3 1 14 4 18 2 13
7 2 5 8 1 11 5 3 12 5 15 4 2 1 14 2 11 5 1 20 4 13 2 3 5 16 3 9 3 3 15 4 14 1 9 5 3 16 4 7 5 13 1 12 2 6 1 3 17 2 2 18 5 13
5 5 3 2 2 7 1 6 4 8 5 18 2 5 3 3 3 3 3 15 5 7 4 10 5 5 8 2 17 3 3 4 4 1 17 1 3 12
4 2 4 12 5 9 3 1 15 2 19 5 6 3 3 2 4 18 5 19 3 3 6 1 18 2 13
4 2 5 20 1 14 3 2 3 5 16 3 12 1 4 12 5 3 19 2 4 1 20 5 17 4 10
5 4 5 6 4 20 1 5 3 12 3 1 13 3 18 4 20 1 5 18 4 2 13 1 19 5 15 4 2 4 4 17 3 11 2 10 5 7
5 5 3 3 4 4 5 13 2 19 1 4 5 5 8 1 17 4 17 3 11 2 2 2 2 6 5 2 3 2 15 1 6 3 9 1 5 18