25 5
5 1 2 6 3 5 14 1 9 3 18 5 5 12 3 5 1 10 2 2 4 3 5 3 14 4 12 5 4 1 9 2 16 5 2 13 5 5 3 4 1 20 4 3
6 5 3 19 2 18 1 14 5 7 4 12 2 1 15 3 13 5 5 12 1 6 4 12 3 9 2 16 4 1 8 3 13 5 10 4 19 3 5 13 4 14 2 16 5 2 6 4 12 5 3 1 3 3 2
5 5 5 20 4 2 2 18 1 6 3 4 1 5 3 5 3 12 5 16 1 5 4 20 2 9 5 2 6 4 12 3 18 5 6 1 16 3 3 19 2 17 4 3
8 2 4 8 3 18 5 1 4 2 7 3 8 5 13 4 14 5 3 8 2 13 5 7 4 18 1 2 5 1 3 3 3 2 20 5 14 4 3 1 5 12 4 4 2 2 3 5 7 3 6 4 2 5 5 2 1 10 3 5 5 5 18 4 15 2 14 1 16 3 19
4 2 4 12 2 11 3 1 12 5 9 4 14 1 5 5 2 3 6 1 8
5 2 5 7 2 16 4 3 6 4 8 5 4 2 16 1 1 16 1 5 19 1 2 10
6 2 3 17 4 6 3 3 20 4 13 2 17 2 1 8 5 6 3 3 3 1 2 4 11 2 1 15 3 3 3 3 9 5 12 4 2
8 1 2 19 4 2 13 5 18 4 18 1 4 1 4 20 2 3 2 1 7 2 2 2 1 10 2 1 16 5 5 2 1 12 3 9 5 4 10 1 15 3 7 2 11 5 20
7 1 2 20 4 4 20 1 7 3 7 5 9 2 1 20 5 2 3 3 19 5 8 2 12 2 4 8 2 14 2 2 6 4 16 5 4 7 5 18 3 11 2 9 1 5
8 2 5 13 2 20 4 4 7 5 20 2 15 3 20 5 5 12 1 5 3 12 2 6 4 16 1 3 2 5 3 13 1 16 4 14 2 8 5 18 4 5 20 2 17 4 8 1 17 3 2 20 5 17 1 17 5 5 11 4 6 3 3 2 12 1 13
8 3 4 16 1 13 2 19 1 5 11 4 3 16 4 5 2 16 1 19 2 3 17 5 5 3 4 17 1 15 5 20 5 5 19 4 5 3 8 1 3 2 7 5 4 20 2 9 1 17 3 3 5 9 2 3 18 5 12
8 3 3 10 4 3 1 5 4 4 11 3 15 5 14 2 4 3 3 11 4 8 5 19 3 3 4 2 16 1 15 1 5 11 4 1 20 5 13 4 12 3 8 4 4 20 3 3 5 9 2 18 5 5 20 1 11 4 20 3 6 2 10
6 4 5 9 2 7 3 20 4 13 1 3 3 4 3 5 4 20 1 8 5 4 4 4 13 3 13 1 6 2 7 3 1 7 2 19 4 19 4 1 12 3 14 5 5 4 5
6 5 3 19 1 18 2 15 4 9 5 16 1 1 7 5 1 9 3 17 2 5 4 9 5 19 3 4 6 3 19 5 3 1 4 19 2 2 6 3 2
4 3 2 20 3 8 5 20 3 2 4 4 13 1 5 5 2 3 3 15 4 11 5 14 1 11 1 1 20
7 3 5 8 2 6 3 3 1 2 17 1 5 7 2 3 2 1 2 5 5 2 1 13 2 13 3 7 4 19 4 3 10 2 19 4 17 1 8 5 1 2 3 6 5 4 4 8 2 2
8 5 1 19 3 3 5 6 2 14 4 15 1 3 12 3 1 4 4 10 5 8 1 5 13 2 1 19 5 2 1 5 12 1 2 9 1 1 4
7 1 2 16 2 4 12 3 3 1 2 19 5 3 8 1 16 2 5 5 18 4 12 1 2 13 4 1 13 3 15 5 17 2 7 3 3 7 5 14 4 8
5 1 2 9 5 2 6 5 16 1 2 4 12 3 15 4 5 19 4 7 1 5 3 18 3 2 18 5 8 1 20 5 4 4 2 20 1 6 5 19 3 17
5 2 2 8 1 2 2 1 6 3 15 2 1 5 2 11 2 2 18 4 6 2 2 13 1 12
5 4 4 10 5 19 3 12 2 9 5 4 20 1 20 3 4 2 10 5 17 4 1 14 3 8 5 3 2 6 2 1 5 2 17 1 1 4
8 5 4 19 3 2 1 13 2 12 5 6 4 3 12 1 3 2 7 4 20 2 5 14 4 11 3 3 12 4 3 5 2 2 5 12 1 11 5 4 5 5 16 3 8 2 16 1 10 2 1 19 2 5 4 4 12 1 12 5 16 2 14
5 5 5 16 2 7 3 4 1 15 4 20 1 4 15 5 4 5 3 18 2 20 1 9 5 12 2 4 3 2 3 1 1 11
7 5 3 18 5 20 4 4 1 15 2 11 5 5 3 4 20 2 6 1 12 3 15 5 2 20 1 2 3 5 5 18 4 4 4 2 3 1 10 5 13 3 11 4 5 8 4 6 2 19 3 20 2 1 4 3 20 1 5 4
4 4 4 4 3 18 5 17 2 12 4 4 4 1 13 5 4 2 8 1 2 19 1 5 11