25 5
8 3 5 4 2 20 1 8 2 5 15 1 12 1 3 20 3 3 10 4 17 5 2 4 2 7 5 8 3 9 4 15 1 5 17 2 2 2 5 13 3 1 8 5 7 4 8
7 2 5 6 4 16 1 3 2 3 5 12 1 18 4 8 3 4 18 5 13 1 18 4 5 5 3 16 4 2 2 18 2 3 11 2 6 2 2 2 1 15
6 4 4 17 2 9 3 2 1 7 4 1 16 5 11 4 17 3 6 5 4 13 3 17 2 19 1 18 5 6 2 5 3 2 11 3 3 9 2 17 5 15 2 4 12 5 2
7 5 1 9 2 19 4 14 3 13 5 14 2 1 12 3 2 4 1 16 4 10 3 6 2 19 2 2 15 4 3 1 4 5 1 2 12 2 4 6 2 11
7 1 4 9 3 1 17 3 6 2 19 2 1 12 3 19 1 4 18 3 1 7 3 4 5 6 5 4 18 3 2 1 8 2 14 5 10 1 4 11
4 1 3 17 2 3 5 2 4 5 3 8 4 15 2 11 1 10 5 2 2 3 18 4 18
5 3 1 3 5 8 2 3 5 5 18 1 7 4 4 2 13 3 15 4 2 7 5 16 3 8 1 17 2 3 7 5 20 5 3 19 2 7 4 9 5 11 1 8
4 5 1 18 4 14 3 20 5 7 2 16 5 4 6 5 12 2 3 3 2 1 16 2 3 8 2 16 2 1 10 4 7
4 2 3 7 5 6 2 5 16 1 15 5 2 16 3 2 4 16 1 14 5 6 1 3 3
6 4 5 9 2 7 1 5 3 12 1 5 16 5 4 6 2 13 5 12 1 11 3 19 1 3 16 3 1 7 4 8 3 4 1 2 9
7 3 2 7 5 12 1 2 5 4 8 3 19 1 13 5 13 2 2 2 5 12 4 5 3 2 18 4 3 1 4 4 4 13 3 8 5 10 1 18 5 2 7 1 12 3 12 5 20 4 8 3 1 16 2 15 3 14
7 4 2 20 4 4 1 2 3 15 4 1 8 3 19 5 13 2 11 4 3 19 2 13 1 8 5 8 4 4 5 1 17 3 17 2 20 1 2 20 1 2 12 5 5 10 3 13 2 7 4 16 1 3
5 4 1 17 5 4 4 17 2 6 1 2 5 4 2 3 5 7 4 19 3 2 4 1 5 5 15 3 5 2 17 3 5 11 1 6 3 15
6 4 5 2 2 12 1 15 3 12 4 1 9 3 14 4 7 2 12 4 3 17 5 20 4 3 1 3 4 5 13 2 17 4 4 3 8 5 2 13 5 7 1 17 4 4 3 10 4 1 8 3 14 4 5 5 6
7 2 1 17 2 15 5 1 8 3 2 4 19 5 18 2 17 4 1 8 2 15 3 10 5 15 2 2 18 1 18 2 5 3 3 18 5 2 5 4 5 5 6 1 13 3 16 3 1 18 4 7 5 10
5 5 1 13 4 14 3 11 2 14 5 8 5 5 8 1 9 4 3 2 3 3 18 2 2 9 1 12 3 1 13 5 14 3 4 3 3 12 5 7 4 9
8 2 4 6 5 8 2 3 9 5 15 1 2 8 3 1 2 5 11 2 19 3 4 13 5 4 3 9 5 2 20 1 11 4 6 5 15 3 11 1 1 3 1 5 17
4 5 5 4 4 8 2 19 3 11 1 8 5 3 12 1 13 2 4 5 9 4 10 2 2 19 4 17 4 2 10 1 16 4 7 3 4
6 2 5 11 3 10 1 4 19 2 1 18 4 13 1 2 2 4 1 5 2 10 5 6 3 18 3 4 14 3 8 5 7
5 2 2 9 1 8 4 3 12 1 5 5 15 4 8 3 2 4 1 13 3 4 5 5 18 3 11 4 14 1 17 2 9 1 3 5
7 1 1 6 4 1 13 5 3 3 16 4 14 3 4 15 3 5 2 15 3 1 20 2 19 5 18 1 2 8 4 5 10 1 5 2 11 3 18 3 4 9 1 17 5 17
6 4 2 10 3 2 4 8 5 3 4 2 9 3 10 5 17 4 7 3 5 18 3 9 2 2 3 5 20 1 5 3 16 5 4 3 1 20 3 15 5 8 2 12 1 2 13
6 3 4 5 2 8 5 10 5 5 3 3 20 4 20 1 16 2 14 5 3 18 4 4 2 10 5 19 1 14 3 4 15 3 5 5 15 5 4 18 2 7 5 14 1 4 3 17 4 4 14 2 4 1 4 3 15
5 3 3 14 1 11 2 11 5 4 20 2 10 3 8 5 5 1 16 4 1 6 3 16 5 2 2 19 1 5 10 5 4 16 3 4 2 11 1 12 5 15
4 4 1 7 5 15 2 14 3 13 4 2 20 3 6 5 18 4 19 3 1 13 2 14 3 3 4 4 8 3 4 2 6 5 17