25 5
7 1 2 19 3 2 8 3 14 5 20 4 1 16 2 2 4 2 5 18 4 2 20 5 19 1 11 3 6 5 2 7 3 7 1 14 4 19 5 18 3 4 5 2 4 1 20 2 4 10 3 8
7 1 4 8 4 1 13 3 18 5 8 4 10 2 3 18 4 3 1 1 13 4 1 9 3 7 4 20 2 2 1 1 18 4 1 13 5 3 2 5 4 5
7 2 3 4 2 20 1 4 15 5 4 18 3 2 5 12 2 6 1 7 5 2 19 4 2 3 13 5 5 1 13 5 5 15 1 13 4 10 2 2 3 9 3 2 2 5 4 4 13 4 5 13 1 3 2 3 3 16
4 5 1 10 4 17 5 6 2 5 3 8 2 3 14 1 16 4 3 4 2 6 5 9 1 19 3 4 8 1 6 5 16
5 5 1 12 3 15 4 16 5 17 2 4 4 4 17 3 13 1 20 2 6 5 4 2 1 6 3 13 5 18 2 18 1 2 19 3 5 18 2 5 4 18
6 4 5 5 2 18 4 19 1 20 3 3 10 2 18 1 6 5 4 13 3 18 2 4 5 17 1 9 5 2 7 1 6 3 8 4 14 5 5 5 5 2 4 3 3 7 1 18 2 3 3 1 2 2 14 5 4
6 1 2 13 1 3 14 4 4 18 2 2 5 4 1 6 1 5 3 1 4 13 5 5 20 1 5 3 2 2 11 4 4
6 2 4 10 1 4 2 3 5 2 4 3 2 2 3 11 4 9 2 5 16 2 4 5 3 10 1 17 4 8 2 10 5 9 2 3 12 4 18
5 2 2 12 1 11 5 3 11 4 10 2 5 1 5 5 4 5 2 2 3 11 1 19 4 17 5 7 4 2 17 5 2 3 14 1 12 1 4 10
7 2 3 4 2 12 1 1 10 2 2 15 4 10 2 3 3 2 20 3 5 8 3 5 1 3 1 2 12 5 4 15 5 3 1 14 3 9 2 3
5 3 2 11 1 4 4 15 5 4 8 2 16 3 4 5 3 1 8 1 5 14 3 4 10 1 3 3 8 5 1 11 2 5 5 20 4 16 3 5
5 5 1 9 3 5 4 20 5 4 2 17 1 1 6 5 3 5 5 11 4 9 2 19 1 17 4 3 18 2 4 5 5 1 5 4 3 2 2 10 1 19 5 10
5 1 1 13 2 4 8 2 19 4 5 12 1 6 3 12 2 20 2 1 9 4 3 1 3 18
5 2 5 5 2 12 2 4 9 2 5 1 2 5 5 2 11 1 15 4 18 3 16 5 10 4 1 18 3 16 4 12 5 13
5 4 2 20 4 13 5 5 1 9 3 5 9 1 6 2 2 4 3 2 4 3 5 12 2 6 2 4 11 5 19 1 5 3
5 5 5 9 2 15 1 13 3 19 4 8 2 3 13 1 10 4 4 3 5 3 2 5 3 5 2 1 6 2 19 4 1 20 5 13 4 7 3 19
8 4 3 20 5 20 2 8 4 17 3 1 15 5 5 2 14 2 3 9 5 5 5 3 11 5 15 1 11 2 6 4 18 1 5 12 2 5 9 3 11 5 2 14 5 4 3 12 4 13 1 13 1 1 3
5 4 2 2 3 13 5 19 4 9 5 2 5 3 5 5 4 1 20 4 11 5 3 14 1 11 4 7 2 15 5 11 3 4 2 5 3 3 12 1 5 9
4 5 3 7 5 16 2 7 4 5 1 12 3 4 18 5 19 2 16 5 2 16 5 18 3 14 1 17 4 10 2 1 9 5 9
8 1 5 17 1 2 15 3 1 3 5 19 3 15 4 2 12 5 20 4 20 1 11 3 3 10 4 15 5 16 4 2 20 5 18 3 6 4 2 2 4 15 3 6 2 3 18 1 19
8 4 1 16 4 5 5 12 3 2 2 5 5 4 11 5 1 10 3 10 2 14 5 18 4 11 2 4 5 3 10 4 5 19 4 5 1 9 2 7 3 4 12 1 6 2 5 5 1 18 3 9 2 12 5 3 4 10 1 4 5
7 4 4 20 2 10 3 19 1 15 3 2 10 3 16 1 15 4 5 14 4 5 2 8 1 12 4 4 10 5 5 3 17 2 14 3 3 15 5 5 4 14 2 4 10 3 6 3 2 15 3 4 5 14
6 5 2 16 4 18 5 13 1 6 3 4 1 3 18 4 2 18 4 12 1 10 5 2 4 4 13 1 14 5 6 2 5 5 5 4 4 11 1 5 2 11 3 6 1 1 12
6 2 1 20 4 17 4 5 7 1 10 2 13 4 4 5 5 13 1 20 3 5 4 20 2 16 1 1 18 1 5 5 5 4 14 3 6 1 18 2 7 5 9
7 4 5 8 2 7 3 18 1 17 3 5 4 1 2 4 8 4 4 5 3 4 1 20 2 6 2 5 8 3 10 2 5 12 3 18 1 3 19 1 1 18