25 5
4 4 3 19 4 14 1 17 5 13 4 4 8 1 17 2 18 3 2 3 2 4 5 8 4 14 5 3 10 5 7 1 5 4 10 2 3
6 5 4 2 5 10 1 10 2 8 3 6 2 4 16 3 20 2 3 15 4 7 1 1 11 1 1 6 5 3 17 1 5 4 13 5 10 2 8
6 3 2 19 3 3 4 3 4 4 12 1 17 5 14 2 6 2 1 19 2 17 5 3 9 1 4 2 11 4 2 5 5 5 1 4 3 7 2 9 5 4 4 12 5 3 10 1 10 5 7 2 9 4 11
5 5 4 20 2 9 1 5 3 10 5 9 3 5 15 3 2 4 9 1 3 16 3 1 2 5 3 3 10 4 3 5 1 17 5 8 2 10
8 3 4 11 2 2 1 14 1 5 16 2 2 17 5 16 2 2 13 1 3 3 3 11 2 13 5 3 1 3 6 4 5 7 3 19 4 7 2 15 2 5 9 3 10
5 3 3 14 1 15 2 20 1 2 6 3 4 7 5 5 3 20 3 3 18 5 8 4 18 2 3 9 4 20
6 5 3 19 4 9 1 18 2 10 5 6 2 5 3 1 7 5 4 4 1 8 3 16 5 10 2 10 2 2 15 4 7 3 5 8 2 3 4 13 1 3 2
4 2 2 2 5 12 5 2 8 3 9 5 14 4 6 1 6 1 5 15 3 5 2 3 7 2 5
4 4 5 14 2 5 4 15 1 15 2 3 16 2 9 2 2 15 4 13 2 1 15 3 14
7 4 2 9 4 10 5 19 1 16 1 1 8 4 3 16 5 10 4 17 1 15 3 1 14 3 14 4 9 2 4 4 2 20 4 5 7 3 20 1 18 2 20 2 4 15 2 9
4 3 1 3 5 10 2 13 1 1 4 4 2 19 3 14 1 10 4 3 1 5 19
7 3 1 19 2 16 4 7 3 2 7 4 16 3 6 1 4 12 5 1 4 5 7 2 16 3 11 4 2 2 2 6 5 14 3 1 20 3 20 2 18 4 4 12 3 7 1 14 2 9
7 3 4 17 3 9 5 12 1 4 17 5 2 16 4 6 3 10 1 6 5 20 4 2 2 1 12 5 11 4 11 4 2 3 4 17 5 8 1 6 5 3 4 4 12 5 3 2 16 1 12 5 1 4 4 4 5 14 3 6 2 7
7 1 4 14 2 2 16 3 18 2 5 14 3 3 3 1 14 5 10 4 20 4 4 2 3 13 2 17 1 9 5 3 5 4 12 2 4 5 8 1 17 2 4 8 3 8
5 1 1 19 2 2 11 1 14 5 4 3 2 8 5 20 3 19 1 8 2 1 2 3 8 4 1 12 2 6 5 5 4 4
6 4 4 5 5 7 1 14 3 9 2 2 11 1 11 4 5 13 3 7 4 3 2 9 2 4 13 3 8 1 5 10 2 3 5 1 2
5 3 3 11 5 12 4 18 1 5 9 3 4 5 5 17 1 11 5 1 2 2 16 4 14 3 10 5 3 1 4 11
4 2 4 3 1 8 2 3 4 1 10 1 3 18 1 3 13
8 3 2 4 3 18 1 11 5 3 6 4 16 5 18 2 12 1 10 4 5 11 4 6 2 2 1 2 1 3 7 1 5 6 3 1 13 5 4 4 5 2 1 14 3 14 4 2 17 3 16 5 19 1 10
7 4 4 6 3 15 2 12 5 7 2 3 3 2 14 2 4 15 3 3 3 3 11 5 15 4 16 5 5 9 2 8 4 10 3 8 1 14 4 2 18 4 7 3 10 1 9 1 1 13
7 5 3 17 4 4 2 8 1 5 5 18 5 5 7 1 8 4 9 2 11 3 11 5 3 14 4 2 2 20 1 14 5 4 1 4 9 3 5 12 1 12 4 17 3 2 4 3 7 4 16 5 4 15 3 4 5 12 2 10 1 18
5 1 3 14 1 3 12 1 3 13 2 1 15 2 10 2 3 10 5 10
7 5 2 16 1 18 4 5 5 7 3 18 5 3 9 5 18 2 6 4 15 1 5 1 5 12 2 3 3 1 14 1 4 19 3 2 4 4 14 1 6 3 3 20 4 9 2 16
7 4 5 20 2 6 1 5 3 6 3 2 18 1 12 5 20 2 3 19 2 11 1 2 4 1 5 19 4 5 6 1 3 4 5 3 20 5 4 12 3 2 1 8 5 7 2 16
5 5 3 6 1 13 2 19 5 9 4 2 4 4 4 3 17 2 13 1 2 4 2 16 1 12 5 5 4 16 5 4 8 2 17 3 11 5 19 1 14 5 4 13 3 17 1 11 2 4 5 2