25 5
4 1 4 19 4 3 6 5 12 2 5 4 2 5 5 7 1 7 4 8 3 13 2 19 5 3 10 4 8 2 19 5 13 1 9
6 5 4 5 3 19 1 18 2 6 5 9 4 1 19 3 14 5 17 4 11 3 1 14 2 5 3 20 5 2 8 5 13 4 4 1 16 3 19 1 2 6 3 4 4 1 15 5 11
8 3 3 3 2 7 5 5 4 4 7 2 15 5 4 1 8 1 4 13 2 2 16 5 20 4 1 3 5 2 3 12 2 18 2 1 7 4 19 4 2 3 4 20 3 17 5 16 2 2 2 4 9
6 2 1 18 5 7 4 3 7 4 16 1 8 5 20 3 3 12 2 16 4 20 3 4 9 5 12 2 6 2 2 17 3 12 4 5 3 2 18 1 13 3 15
5 2 3 20 5 6 2 2 20 1 12 2 2 15 4 9 3 2 19 1 13 5 11 5 2 15 1 18 5 11 3 9 4 9
5 5 4 5 1 11 3 19 2 15 5 7 4 2 15 5 4 4 11 3 5 3 3 5 4 10 2 8 2 5 3 1 14 1 3 5
7 4 5 11 1 6 3 9 4 13 5 5 10 1 20 4 17 2 16 3 20 4 2 19 3 17 4 11 1 9 3 5 19 4 3 1 3 3 3 8 2 10 5 13 5 4 8 1 20 2 8 5 10 3 11 1 5 11
6 4 3 3 4 15 2 4 5 11 5 2 19 4 12 5 2 1 19 3 7 3 4 14 2 5 1 20 4 5 14 1 8 3 5 4 16 2 3 18 1 15 4 1 8 5 9 3 4 2 14
6 2 2 11 4 9 1 1 10 3 5 19 3 18 2 14 1 5 6 2 4 20 5 19 5 4 14 5 11 3 14 2 9 1 17
4 3 5 20 4 13 1 8 5 1 4 3 20 5 14 2 19 4 6 2 3 10 2 20 2 4 20 5 12
7 4 2 17 1 16 5 12 4 19 1 1 3 5 2 16 4 18 3 12 5 18 1 11 3 3 7 2 10 5 4 1 1 4 5 5 16 4 12 3 11 1 18 2 15 5 2 13 3 2 5 20 1 12 4 19
8 2 4 3 1 4 3 3 5 4 20 1 9 2 1 10 4 8 4 2 13 3 11 1 2 5 13 2 1 14 2 3 2 3 10 5 3 3 1 17 3 13 4 10 5 3 12 2 10 1 16 5 14 4 9
6 5 5 18 4 16 3 20 2 12 1 8 2 1 20 4 7 4 5 4 3 12 4 20 1 3 3 2 12 4 8 5 19 2 5 7 4 11 3 2 8 1 11 5 19
4 3 4 3 1 6 2 18 2 2 20 1 16 2 2 9 4 19 1 4 18
6 3 1 17 4 19 3 7 5 3 6 4 6 2 19 1 5 5 9 1 4 14 2 3 9 1 9 4 1 6 5 14 3 12 2 9 1 3 6
7 5 4 19 1 8 5 14 2 15 3 8 4 2 2 3 20 5 17 4 12 5 4 9 2 17 1 6 3 4 5 9 1 4 5 2 3 6 5 15 5 3 8 2 9 4 17 5 15 1 5 5 3 6 4 6 2 11 5 10 1 15
7 2 5 20 1 3 4 1 12 2 15 4 3 3 19 4 1 19 2 2 3 17 5 18 3 4 14 5 20 3 8 4 2 6 5 20 3 17 4 11 1 5 13 1 2 13
7 1 4 4 2 3 6 4 5 3 3 4 4 5 5 4 3 5 12 4 14 2 6 3 2 11 3 14 1 14 1 4 8 1 4 14
7 2 1 16 5 9 5 3 11 4 7 2 3 1 14 5 19 4 1 9 5 13 2 14 3 15 2 3 4 4 16 1 1 9 1 1 6 3 3 17 5 18 2 17
5 3 2 15 5 3 1 12 2 2 19 4 17 3 3 3 5 5 1 2 5 2 4 5 18 1 5 3 4 4 7 5 3 15 2 4 4 3 5 10 1 10
7 4 2 6 4 12 3 18 5 6 4 2 10 3 2 5 5 1 9 4 3 8 1 8 4 2 2 7 5 5 12 4 16 3 18 2 10 1 15 4 2 18 1 19 3 7 5 11 2 5 9 3 15 5 2 8 4 10 3 10 5 5 1 16
7 3 2 18 4 8 5 12 2 3 3 5 17 1 3 8 2 1 10 4 9 5 4 15 3 16 2 20 1 9 5 8 2 5 8 1 16 5 5 6 1 7 2 11 3 4 4 19
6 3 4 20 2 2 5 5 5 1 4 5 5 2 9 3 19 4 2 4 4 7 1 2 3 16 2 20 3 3 5 5 15 2 6 1 5 6 2 3 20 1 17
6 4 1 5 4 18 5 14 2 2 3 2 19 3 4 4 13 1 3 7 2 1 18 5 2 3 5 10 1 4 3 20 1 4 17
4 5 3 15 4 14 2 20 1 5 5 18 5 2 2 5 20 4 4 1 13 3 18 2 4 13 2 10 2 5 4 1 14