25 5
4 2 2 6 4 3 5 4 3 5 6 3 15 1 19 2 6 4 1 17 4 20 2 2 3 20 3 2 17 1 20 3 16
6 3 1 13 5 4 2 13 5 4 20 5 15 1 15 2 20 3 19 2 2 13 1 14 1 2 18 5 3 18 1 8 4 20 5 20 2 20 2 1 4 4 13
6 1 5 12 3 3 3 5 9 2 18 2 3 9 5 19 5 4 19 1 12 3 7 2 18 5 19 1 2 8 4 4 16 3 3 5 9 2 15
6 1 1 10 5 1 7 2 2 5 3 3 11 4 3 3 2 10 3 10 4 6 4 4 9 2 17 1 20 5 11 2 1 5 3 17 5 1 11 3 18 2 6 4 8 5 14
5 1 2 11 2 5 4 1 2 5 2 18 5 14 4 14 3 20 1 7 1 1 17 3 3 6 2 17 1 16
6 3 5 8 1 16 4 19 2 3 19 2 5 5 4 13 2 17 5 6 3 15 1 4 4 2 15 4 9 5 17 1 9 4 4 18 5 20 3 6 1 20 5 1 11 3 2 4 5 5 2 2 2
6 4 4 7 5 9 3 11 1 13 5 2 3 5 9 1 5 4 2 3 12 3 2 5 5 11 1 20 5 3 20 1 14 2 13 5 9 4 11 3 4 12 3 4 5 13 3 5 2 3 16 1 11
4 1 3 15 1 5 2 1 2 3 5 2 12 5 15 3 2 4 6 1 16
5 1 4 16 3 5 2 1 7 2 16 5 5 3 1 14 4 17 2 10 3 2 3 1 13 2 16 3 8 1 4 17
4 3 1 3 3 3 4 15 3 2 5 1 13 5 3 4 1 10 3 15 2 14 5 14 5 3 20 1 3 2 11 5 8 4 12
5 2 5 6 2 8 3 1 19 2 8 3 16 2 1 14 4 9 5 1 9 5 6 4 8 2 14 3 8 4 1 12 3 17 2 3 4 10
4 2 1 20 3 9 2 2 12 3 5 4 1 14 2 9 5 3 3 17 2 2 16 3 7
5 5 1 3 3 6 5 20 4 10 2 19 5 3 4 2 12 5 8 4 13 1 9 3 5 20 2 7 3 8 3 2 16 4 6 3 4 4 1 9 4 11 3 5 2 7
4 3 3 7 4 18 2 4 3 5 16 4 5 2 5 5 2 9 1 10 5 9 3 18 4 19 3 4 2 3 10 5 13
8 1 5 11 4 1 14 4 10 2 11 3 18 2 1 4 2 4 1 5 8 5 2 8 1 13 5 13 3 14 4 7 3 3 9 5 12 4 3 4 3 17 5 16 4 19 2 17 2 1 16 4 5
4 5 5 6 2 11 3 6 1 4 4 3 2 3 3 2 8 4 2 7 3 8 5 16 4 3 3 5 10 1 9 2 15
6 5 2 19 4 5 1 16 5 7 3 11 3 1 6 2 3 4 12 1 2 19 3 5 19 2 7 3 17 3 4 5 2 20 1 18 2 1 13 2 16
5 1 4 20 5 5 3 4 20 3 15 2 3 1 16 4 2 4 4 11 3 15 5 15 5 1 8 2 19 3 14 4 9 5 4 4 3 3 4 19 5 16 2 19
6 1 3 16 1 5 3 1 4 8 4 1 4 4 19 2 11 3 14 1 4 11 5 2 20 5 13 3 11 4 18 1 7
7 3 4 2 2 5 5 20 5 2 4 4 3 3 15 1 6 5 5 3 5 3 2 6 1 11 3 4 4 3 15 2 4 3 2 9 1 6 5 14 2 4 3 3 9 2 4 20 1 7
8 2 5 3 1 18 2 3 3 1 3 4 1 10 3 17 2 4 5 7 2 3 6 2 12 5 4 10 3 18 5 3 1 18 2 10 4 4 12 5 20 2 18 1 5 5 5 13 1 12 4 11 2 19 3 12 4 3 7 2 16 5 19 1 7
6 2 4 6 1 4 5 3 4 4 16 5 14 2 4 1 15 1 3 20 3 5 11 3 9 4 13 2 4 4 5 11 1 2 17
4 3 2 17 1 12 3 14 4 4 18 3 17 2 8 5 14 3 2 18 5 11 1 3 4 3 19 1 14 4 3 5 19
7 1 1 10 2 3 8 4 8 4 2 20 4 13 5 14 3 20 3 5 20 3 16 1 14 4 5 10 3 18 1 19 2 20 2 2 15 1 12 3 5 9 1 10 3 6
7 4 1 5 2 15 4 9 5 7 2 4 2 5 17 5 5 14 3 11 4 18 1 15 2 19 5 4 4 1 2 2 4 3 4 5 3 2 5 9 4 19 1 5 2 5 1 2 2 14 4 16 3 10 5 12