25 5
8 4 5 13 1 15 4 9 2 9 1 5 17 1 2 20 2 5 9 2 3 3 2 7 3 12 4 3 4 2 9 4 14 1 9 3 4 4 1 18 3 12 4 6 2 8 1 2 13
7 2 2 12 5 16 3 4 6 1 5 2 20 3 3 4 4 7 5 2 3 1 17 5 3 4 2 5 2 12 1 16 5 4 3 8 4 4 5 1 17 5 14 3 19 2 4 4 13 4 4 20 1 19 3 17 2 16
6 5 4 15 3 11 5 5 1 6 2 15 1 1 15 4 1 5 2 7 5 3 4 9 1 2 2 1 4 12 5 4 9 3 18 1 17 2 13 5 14
4 4 3 19 2 13 4 12 1 8 4 3 7 5 6 2 20 1 5 2 5 9 4 9 1 4 17
6 5 4 3 2 16 1 14 3 8 5 3 5 3 9 1 8 4 14 2 20 5 9 2 2 3 1 20 5 2 6 4 19 3 19 1 4 5 16 5 5 9 3 11 2 11 4 2 1 6 5 4 20 1 13 2 17 5 4 3 8
4 1 4 11 5 3 6 2 11 1 11 5 11 4 9 5 1 12 4 13 3 2 5 12 2 11 4 4 19 1 20 3 10 5 14
6 4 2 15 3 7 5 19 4 9 5 5 13 1 12 3 7 4 8 2 17 1 3 16 1 5 19 5 1 20 2 8 4 2 5 13 3 9 2 1 13 5 14
5 3 4 2 2 17 5 5 3 3 16 2 20 4 8 4 5 8 3 18 1 12 2 2 4 4 16 3 19 5 11 2 20 3 3 11 4 4 1 16
7 4 1 3 4 15 3 18 5 11 3 2 3 4 14 5 3 5 1 9 5 2 4 19 3 20 2 12 5 3 2 5 7 4 19 2 7 1 17 1 3 4 2 1 12 4 8 5 4 11 3 13 2 12 1 16 5 4
4 5 4 15 2 13 5 10 3 6 1 8 3 3 15 2 11 1 5 3 5 14 2 7 3 8 4 4 16 2 16 1 3 3 7
8 4 1 10 3 13 5 17 2 3 1 4 11 1 2 5 5 3 2 1 9 2 14 5 5 4 10 5 3 9 1 17 4 16 5 7 2 8 5 2 17 5 6 3 8 1 8 4 11 4 3 4 2 9 1 6 5 10 5 1 11 4 3 3 4 5 4 2 15
6 3 4 8 1 17 3 14 1 1 18 1 1 6 4 3 20 2 9 5 4 4 17 2 1 20 5 9 3 2 18 5 18 4 15
5 1 1 10 3 4 17 1 2 3 11 2 5 16 1 2 2 5 7 2 20 4 5 3 3 17 2 9 1 17
6 4 5 17 3 6 2 4 4 11 1 4 7 3 2 6 4 5 3 17 4 2 15 1 12 4 6 3 4 5 5 16 4 8 2 18 3 7 1 20 5 2 19 3 6 5 9 1 2 4 4
5 2 2 17 4 17 4 4 16 3 11 1 6 5 20 5 4 5 2 13 5 13 3 17 1 12 3 1 15 2 19 5 8 1 5 10
7 4 5 11 2 10 4 13 1 17 2 1 15 4 4 1 1 14 5 3 19 2 8 4 13 1 11 5 4 3 3 4 4 13 2 7 5 3 11 5 19 2 6 4 19 1 7 1 3 9
8 3 4 14 5 6 1 11 2 1 10 4 19 5 2 19 3 18 4 17 5 12 1 17 3 4 8 3 2 5 10 2 2 17 3 16 3 2 15 4 16 5 20 5 5 7 4 6 2 9 3 3 1 14 4 5 10 3 6 4 16 1 15
6 1 1 9 2 3 2 1 2 2 4 14 2 4 1 2 14 2 3 9 5 10 3 5 12 2 15 1 2
4 2 3 18 4 15 4 3 9 2 14 1 16 5 2 2 2 18 3 7 2 4 20 1 12
6 4 5 12 1 7 2 3 3 12 1 1 20 5 5 16 1 11 4 11 2 10 3 11 5 5 18 3 13 2 20 4 18 1 9 3 4 17 5 7 1 20 4 5 15 1 5 3 9 4 13
8 4 5 17 3 14 1 10 4 8 1 2 9 1 1 16 3 3 10 5 10 2 5 4 2 20 3 2 1 11 5 14 1 4 8 1 4 17 2 1 5 2 16
8 3 1 5 4 5 3 12 5 2 13 5 15 3 20 4 7 1 4 5 3 15 4 11 1 17 5 18 2 17 3 1 15 2 20 5 17 5 3 17 4 16 2 5 5 10 1 13 2 5 9 2 15 3 2 11 5 4 3 7 4 1 14 5 15 4 2 2 12
5 3 2 19 1 7 5 8 5 5 17 2 7 3 2 1 8 4 13 4 5 19 1 8 2 19 3 9 2 2 20 3 9 4 1 15 4 14 3 4 2 13
8 2 1 7 3 15 5 5 7 4 5 3 20 1 17 2 18 4 3 9 2 18 1 16 4 7 2 3 9 1 17 4 5 10 2 16 4 9 3 19 2 4 13 1 13 1 3 17 2 1 20 5 4
8 4 1 19 2 17 4 12 5 4 2 3 10 2 12 1 5 15 2 1 4 2 10 3 2 10 3 2 5 12 1 1 20 3 1 6 2 17 4 7 3 4 17 2 18 5 8