25 5
8 1 5 14 4 4 6 5 19 2 12 3 19 4 2 15 3 13 4 3 1 16 3 2 16 5 17 3 17 4 3 2 4 10 1 20 5 9 3 3 10 1 8 4 7 5 5 16 1 7 2 16 4 12 3 17 4 2 4 5 20 4 16 3 15
6 5 1 8 2 17 5 4 3 17 4 19 3 3 6 5 3 4 2 5 1 19 3 8 5 12 4 6 2 20 4 5 17 1 14 2 15 4 9 4 2 3 1 8 4 14 3 10 5 4 7 5 10 2 16 1 6 3 16
4 4 1 18 2 4 3 12 5 9 3 5 12 4 7 1 10 3 3 19 1 4 5 12 2 1 13 3 11
6 1 2 10 4 3 5 2 17 1 18 4 12 1 2 2 2 4 8 5 5 3 5 13 4 4 3 14 3 2 20 4 8 3 13
5 5 2 3 5 14 3 11 1 8 4 9 3 5 10 4 4 1 7 5 4 8 3 12 1 2 2 4 5 20 4 3 12 1 16 5 4 2 17 1 3 8
8 2 2 20 3 11 5 2 7 5 17 3 13 4 14 1 11 5 2 2 4 20 3 17 5 2 1 13 2 5 19 2 12 4 4 10 3 4 2 9 1 2 4 3 11 4 14 2 20 1 20 5 5 12 1 9 3 19 2 3 4 3 1 1 3
7 3 1 15 3 2 4 14 5 5 4 4 13 2 17 1 8 3 15 1 2 16 5 1 15 5 18 2 3 3 5 4 15 2 5 8 2 6 4 5 15 3 14 4 16 1 20 2 3 17 2 13
6 5 4 15 1 3 2 10 5 14 3 4 1 3 6 3 5 6 2 4 3 3 3 1 2 5 17 4 15 3 2 16 3 11 1 15 3 4 9 2 14 1 16
7 5 4 9 2 20 3 6 1 12 5 6 2 2 3 3 18 4 4 10 2 17 1 5 3 14 4 4 20 3 6 1 17 2 10 5 1 3 5 17 2 9 3 14 4 14 1 2 14 4 3 11 1 9 2 5 5 7
4 1 2 13 4 2 6 3 9 4 13 1 5 1 2 19 3 1 16 3 20 2 20
4 2 1 9 4 15 4 5 8 2 12 4 11 3 4 3 2 7 4 8 5 14 3 1 6 3 13 4 6
8 3 4 6 3 16 1 7 3 2 8 4 9 1 12 4 1 4 2 6 4 14 5 7 3 1 8 2 11 4 10 5 4 14 1 4 2 11 5 3 3 4 1 2 9 2 3 6 5 3 2 4 4 5 12
7 1 3 15 1 4 12 1 1 2 5 3 4 4 5 1 10 5 15 2 18 3 3 11 1 16 5 11 4 5 8 1 10 4 18 2 11 2 4 2 5 13
8 1 4 9 4 1 19 2 3 5 9 3 14 1 1 8 4 3 19 4 12 1 13 5 11 3 5 14 1 12 4 15 3 3 5 4 15 2 3 2 4 9 3 4 3 4 20 3 9 2 20
4 2 1 8 4 19 3 2 2 4 10 5 3 1 3 16 5 5 9 3 19 2 13 1 17 4 8
6 2 4 16 5 14 4 3 6 1 2 2 3 4 7 2 1 9 3 16 1 5 11 3 3 20 1 5 5 17 1 1 7
5 4 3 9 5 7 4 3 2 6 3 3 6 5 2 1 11 5 5 17 1 7 2 20 4 6 3 19 1 4 18 2 4 9 5 12
5 4 5 11 1 9 3 8 2 6 1 4 16 4 1 16 2 2 3 12 4 11 4 4 7 5 18 2 17 3 2 4 1 8 2 13 4 4 3 8
8 1 4 11 5 3 18 4 12 5 17 1 9 2 17 2 5 2 1 11 2 4 16 5 2 1 2 5 5 1 16 3 7 5 20 2 15 4 18 4 2 2 3 15 4 4 5 12 1 5 13
7 4 5 11 2 5 3 19 1 20 3 3 3 5 20 2 14 4 2 18 1 11 3 5 4 6 5 4 17 1 4 3 12 5 9 2 13 5 4 5 5 19 3 3 1 14 2 17 2 3 11 5 20 3 4 13 5 3 1 7
8 4 4 13 2 4 1 16 3 14 4 3 2 2 6 4 4 1 16 1 5 3 2 1 14 5 12 1 4 7 1 5 6 1 4 5 1 2 19
4 5 5 7 3 7 4 15 2 8 1 14 3 5 13 3 12 2 7 4 5 5 2 16 3 11 1 16 2 2 4 3 11
7 4 3 20 4 2 5 17 2 13 2 4 2 1 11 3 3 14 2 19 4 9 1 2 4 2 5 14 4 11 4 4 15 1 15 3 2 5 4 5 5 20 2 19 3 16 1 6 4 20
6 2 3 6 4 2 3 3 18 4 11 1 12 1 4 18 3 1 14 4 16 5 7 1 1 4 3 5 16 3 15 4 11
4 5 4 14 1 19 5 9 2 15 3 12 2 1 15 5 14 2 3 9 5 14 3 5 10 4 7 3 7