25 5
4 2 4 15 3 17 5 2 3 4 7 3 18 1 10 5 20 5 2 16 3 3 5 8 1 7 4 7 4 4 10 2 19 5 16 3 11
8 1 4 8 1 5 12 5 5 17 2 8 4 10 1 13 3 8 1 1 18 2 3 8 2 11 2 5 6 4 7 3 2 2 4 8 1 14 5 1 19 5 20 3 20 2 3 4 13
8 2 4 12 3 15 1 4 5 1 4 11 5 2 14 3 15 5 17 1 12 4 20 4 3 17 4 19 2 5 1 12 3 4 11 1 6 5 17 5 1 11 3 14 2 17 4 2 5 15 2 2 14 1 3
8 3 4 12 5 10 2 13 3 4 9 1 4 2 10 2 1 3 4 15 2 1 10 2 17 1 2 11 4 2 13 3 13 1 2 5 14 2 5 9 4 14 4 3 18 2 13 5 12 4 8
4 5 1 16 4 18 2 13 5 15 3 15 1 5 20 1 2 3 5 1 5 2 9 5 5 4 13 3 2
6 4 5 16 3 15 1 2 4 19 5 4 5 3 10 2 3 1 7 5 2 5 1 20 2 7 5 17 3 8 4 12 4 5 11 4 5 1 18 2 2 5 2 18 4 20 5 10 3 7 1 16 2 3 18 5 16
7 3 4 8 3 16 5 2 3 5 10 3 16 4 2 3 1 12 3 13 5 7 2 5 6 3 4 2 1 3 5 6 1 1 12 5 3 20 1 3 5 13 2 15 4 16
5 3 3 2 2 17 4 19 5 2 14 4 14 1 11 5 4 3 13 4 2 20 4 2 5 2 3 13 5 3 12 5 10 4 16 1 20 2 11 1 1 16
7 1 1 12 3 3 15 4 20 1 10 5 2 6 1 16 3 13 5 4 4 19 3 5 11 1 14 2 16 4 1 16 4 18 2 17 3 2 3 3 7 1 8 5 6 4 3 17 2 12 4 13 1 15
4 5 4 10 1 8 3 3 5 7 2 11 2 3 14 2 11 5 3 2 5 17 1 13 4 7 2 4 3 1 20 5 8 2 19
5 5 4 10 3 16 1 19 2 3 5 18 3 2 15 3 11 1 2 1 3 10 2 1 6 2 17 3 5 20 3 16 4 15
5 4 2 15 4 19 1 2 5 5 3 3 3 1 3 2 10 4 2 19 4 2 1 6 3 9 4 5 10 4 17 1 14 2 17 1 4 15
5 2 4 8 3 7 2 4 11 3 14 2 4 16 2 5 2 4 16 3 15 4 1 12 4 6 2 16 3 8
6 5 1 11 3 14 4 5 2 11 5 19 3 4 20 3 16 5 20 1 2 10 3 5 16 4 15 1 10 5 5 13 4 17 1 14 2 10 3 2 3 5 11 1 13 4 9
6 2 2 5 1 8 2 4 10 2 14 1 4 3 3 3 6 2 14 1 15 1 1 16 2 2 5 5 20
7 5 2 6 1 12 4 14 5 16 3 7 5 3 8 1 16 4 14 2 6 5 13 5 2 11 4 7 3 9 5 9 1 9 1 1 10 5 4 3 1 6 5 17 3 6 2 8 4 4 14 5 9 2 3 1 2 2 2 6 5 11
5 3 4 3 5 20 1 5 3 2 2 4 18 1 3 3 5 17 2 13 3 18 5 3 2 4 12 2 19 1 5 5 19 5 1 12 2 5 4 11 5 2 3 5
8 1 5 16 5 2 8 5 4 1 8 3 5 4 20 2 5 19 2 20 2 1 9 3 2 1 3 4 3 1 14 4 14 5 20 1 2 11 1 2 3
4 5 3 9 2 17 4 17 5 10 1 9 1 4 13 3 1 11 3 7 5 7 5 3 15 2 12 1 16 4 3 5 2
7 4 1 13 2 9 3 2 5 13 5 3 10 5 7 1 18 4 15 2 14 2 2 7 3 9 2 3 5 2 7 5 3 12 5 10 4 4 1 7 2 15 2 3 16 2 19 3 3 18 5 18 1 4
5 2 2 18 1 10 5 4 12 3 16 2 5 1 12 5 19 3 3 16 1 4 4 10 4 2 7 3 2 5 11 4 19 1 3 8
7 2 3 5 4 20 3 2 18 3 3 4 9 4 4 4 1 10 3 7 5 7 1 3 8 5 1 17 3 16 4 16 2 12 5 4 1 2 17 3 3 7 1 14 2 9
5 2 2 7 1 5 4 1 11 2 16 4 9 3 18 1 2 12 1 4 5 4 2 7 4 13 1 11 5 3
5 1 5 7 5 2 6 5 5 1 14 4 19 3 6 4 2 13 3 4 4 6 5 2 2 2 17 1 11 4 4 10 3 10 5 8 2 3
8 4 2 20 4 15 5 2 1 10 4 4 15 1 15 5 11 2 13 3 3 7 4 20 5 11 5 3 20 1 8 5 14 2 16 4 17 4 2 12 1 10 4 10 3 7 3 1 15 5 15 3 6 2 4 9 1 5 4 3 20 4 12 1 9 5 17