25 5
5 4 3 8 4 16 5 5 1 11 5 2 8 1 8 5 17 4 5 3 3 2 2 12 1 13 5 4 6 2 10 3 6 1 18 5 9 3 1 11 3 19 5 8
8 1 1 7 4 1 15 3 3 4 13 5 18 2 5 8 1 3 5 2 17 5 6 1 2 3 11 4 10 2 5 12 2 5 3 5 16 1 6 4 2 5 1 8 2 2 4 10 5 17 3 10 3 2 4 5 20 4 7
4 5 2 4 4 9 5 7 3 4 1 19 3 1 14 3 8 4 11 4 1 9 4 10 5 12 3 13 3 3 5 1 19 2 12
5 2 2 3 4 10 3 5 17 1 10 4 5 3 5 19 2 2 3 13 5 1 19 4 4 2 8 5 19 3 10 1 1 8
8 3 2 11 4 20 5 4 2 5 2 4 7 2 4 19 5 19 4 5 3 1 9 3 17 2 9 2 2 6 1 13 2 4 14 5 2 2 3 17 2 12 4 3 6 1 11 2 12 5 10
8 3 2 12 5 6 1 13 4 5 14 2 10 3 10 4 9 5 5 2 3 18 2 12 4 5 1 17 4 5 15 3 9 4 18 2 19 5 3 10 2 17 5 8 1 19 4 8 1 5 13 5 5 11 3 10 1 10 4 7 2 4 2 5 2 1 17
7 4 2 19 3 15 1 6 4 11 4 2 2 5 12 4 8 1 2 1 5 17 1 4 9 1 5 11 3 2 11 5 18 3 16 3 1 14 4 5 2 6
7 2 5 6 2 11 4 5 6 2 13 3 6 1 17 3 1 14 3 7 4 12 3 4 5 1 5 5 15 3 1 5 2 15 3 10 3 1 4 4 14 3 5 4 3 8 4 2 1 3 2 4
4 5 2 16 3 8 4 10 5 18 1 9 5 5 2 4 13 2 12 1 7 3 17 1 5 18 3 2 20 3 12 4 8
4 1 3 18 3 1 2 2 6 3 20 2 3 11 5 6 2 5 17 2 13
7 5 2 20 5 16 4 12 1 8 3 5 5 2 17 1 12 5 3 3 10 4 14 3 4 5 5 10 1 13 3 5 7 4 7 1 7 4 2 2 1 5 4 14 3 9 2 4 17 1 15 3 5 13 4 12 2 7
4 5 5 14 4 7 2 17 3 2 1 11 5 1 18 2 9 5 19 3 20 4 19 2 3 20 4 17 5 2 3 3 9 5 15 1 11 4 5
7 3 5 12 2 20 3 18 2 1 12 2 12 1 1 6 3 4 13 3 9 5 4 2 5 15 3 14 2 4 8 2 3 5 4 16 5 11 3 11 1 3 2 15
7 4 5 14 1 18 2 19 3 11 5 2 15 5 4 1 9 4 12 3 11 2 1 7 3 14 2 1 18 2 18 2 4 17 5 12 3 4 2 5 13 3 14 4 1 11 2 2 3 15 5 19
7 5 3 19 1 15 2 19 5 6 4 12 2 4 6 1 13 2 4 11 1 6 2 1 10 3 16 1 2 13 2 5 13 2 13 2 5 10 2 10
5 3 3 12 1 7 4 19 3 4 12 5 3 3 17 1 3 20 1 4 20 3 4 5 3 16 5 7
8 5 5 3 3 4 4 8 2 6 1 18 3 1 12 4 20 3 3 2 2 11 1 11 2 2 2 5 14 2 4 3 2 16 4 2 3 4 17 1 2 5 6 4 1 9 5 9 3 19 4 7 3 4 10 1 17 5 4
5 3 1 10 4 4 3 10 4 3 9 4 11 1 11 5 13 3 5 18 2 11 3 7 3 4 4 5 10 2 9 3 3 10 5 19 4 17
4 3 3 4 2 4 1 19 4 1 14 4 15 3 2 5 4 4 2 8 4 8 3 8 5 19 4 1 8 4 10 2 5 3 13
7 1 1 8 2 4 11 1 12 4 2 9 5 17 4 8 3 7 4 3 16 4 18 1 17 5 20 4 2 12 3 14 1 14 5 14 5 5 3 3 13 4 3 1 14 2 16 2 2 3 1 19
7 2 4 17 3 16 4 4 17 1 19 5 19 3 18 3 5 4 4 4 2 2 1 2 5 2 2 18 1 9 1 1 3 4 5 3 2 5 4 7 3 5
8 3 4 4 1 17 3 12 2 2 8 1 4 2 4 14 3 19 2 4 7 5 18 4 2 12 1 13 4 11 3 13 4 4 10 3 5 2 4 5 15 1 4 14 1 2 19
4 5 1 3 2 18 4 7 5 7 3 16 3 1 17 3 2 4 2 5 2 2 3 6 4 2 1 18 5 10 4 1 14 3 19 4 16 2 12
7 2 5 8 4 13 4 4 10 2 2 5 4 3 2 5 1 13 4 4 5 10 2 4 3 20 3 2 13 1 9 4 13 2 3 4 1 19 2 5 3 1 17 4 3 2 2 11 1 11 5 18
8 4 2 19 5 13 1 18 4 2 1 2 2 2 2 14 1 13 2 5 13 3 4 2 2 16 3 14 3 3 10 4 10 1 9 5 1 14 3 17 4 15 2 12 5 4 2 1 4 3 18