25 5
7 3 4 5 2 12 3 15 1 3 18 2 3 5 1 16 1 5 10 1 4 15 1 2 8 1 4 2
4 5 1 7 3 12 2 14 4 14 5 4 1 3 9 2 3 7 5 8 5 5 3 4 8 2 9 3 20 1 10
5 3 4 6 2 11 5 11 2 4 14 5 4 4 4 15 5 19 1 16 3 12 5 3 16 4 13 5 4 2 11 1 18 4 2 13 3 2 5 11 4 9
4 5 4 18 2 3 1 10 3 7 5 4 1 2 2 4 3 9 2 18 5 5 1 18 3 2 19 3 16 1 16
4 2 2 14 4 5 1 1 14 3 5 2 4 19 1 7 1 2 17
5 2 3 19 5 5 3 4 9 2 3 5 14 4 5 6 3 10 1 6 4 10 5 4 6 1 8 2 2 5 16 3 15 4 5 11 1 7 3 9 2 17
4 2 5 6 4 10 2 4 12 5 19 1 2 10 5 1 18 4 11 5 18 3 4 2 20
4 2 3 12 4 13 5 4 3 3 5 2 17 5 11 1 2 2 5 12 1 15 2 5 13 1 11
7 3 2 18 4 2 1 2 4 1 16 2 14 3 7 5 2 4 1 11 2 17 4 18 3 10 4 5 20 2 2 3 11 1 6 2 4 12 2 12 4 3 7 1 11 4 17 2 13 1 3 15
8 3 3 13 1 2 4 11 5 5 3 3 2 2 5 1 5 4 14 4 3 3 5 10 2 10 4 5 1 1 15 3 3 13 2 16 1 7 3 1 20 3 16 2 7 3 3 8 4 11 2 9 3 5 4 3 12 2 3
7 2 2 6 1 4 1 2 2 3 4 4 3 20 1 14 3 1 8 4 10 2 13 5 2 16 1 19 5 2 3 9 4 7 5 5 15 4 2 3 11 1 19 2 6 2 3 17 2 2
7 5 1 13 2 6 4 14 5 3 3 9 3 3 12 1 7 2 18 4 5 18 4 8 3 16 1 13 4 4 8 3 17 1 18 2 15 4 4 9 5 2 2 4 1 10 2 3 3 1 15 4 3 12 2 7 4 3 5 10
5 3 2 17 4 12 5 16 5 4 18 3 19 2 14 5 3 1 14 1 5 11 2 3 6 1 19 3 5 17 2 8 4 13
8 3 4 7 1 10 5 17 4 1 10 2 18 4 11 3 9 1 1 3 1 5 16 2 5 10 2 9 2 4 16 5 15 1 3 17 2 1 12 3 13
4 4 2 19 5 18 1 11 3 6 1 5 13 4 1 15 3 15 5 13 4 13 3 3 18 4 13 2 15
4 2 3 9 5 9 1 5 11 2 5 13 1 8 1 5 18
4 2 4 16 1 11 4 5 16 2 11 3 5 1 6 5 4 19 1 4 5 17 3 10 2 11 1 4 9
4 3 4 4 2 5 5 11 3 2 15 5 3 1 17 2 2 15 5 2 4 2 13 1 11 4 8 3 20
4 5 3 9 5 4 1 9 2 18 4 2 3 3 7 1 17 2 17 5 1 17 5 20 4 3 3 4 2 10 3 2 12 3 20 4 18
8 2 4 2 1 3 3 5 14 4 16 1 17 5 4 12 3 3 1 2 5 11 2 3 2 1 6 4 16 2 4 4 5 16 5 1 6 3 14 5 7 2 13 4 3 3 5 11 3 20 2 17 5 4 18 2 19 1 7 5 11 3 10
5 3 4 18 5 13 2 19 3 2 18 5 3 1 15 3 4 12 5 19 1 7 2 1 9 2 11 3 2 3 3 5 4 10
5 1 3 9 1 3 3 2 3 16 5 3 4 3 19 4 6 5 14 2 4 3 1 19 2 16 5 18
5 2 2 3 1 18 1 4 11 5 2 16 3 13 4 8 1 6 5 7 2 1 14 2 11 3 2 12 4 8 1 5
7 1 1 17 2 3 2 1 14 3 2 19 4 10 3 5 3 3 15 5 10 2 13 3 1 7 5 11 3 18 3 2 20 3 7 5 11 1 2 4
8 5 1 20 5 19 3 17 2 2 4 20 1 2 8 5 4 8 5 9 1 7 3 14 2 11 1 4 2 3 1 13 2 8 5 13 2 1 13 2 4 1 2 15 1 3 19