25 5
5 2 3 10 4 8 1 3 18 1 4 3 2 4 16 5 20 5 3 15 5 19 2 6 4 13 1 16
6 3 4 18 3 3 1 4 3 3 5 4 19 5 20 3 3 15 5 8 2 7 4 5 16 1 2 4 4 2 12 5 3 2 2 11 4 11 1 19 5 12 5 4 2 1 7 5 6 2 16 3 19
6 4 3 3 1 8 2 8 4 15 5 3 9 2 6 5 17 4 6 1 2 2 3 10 1 18 5 1 16 2 13 3 6 5 3 4 15 4 3 6 1 3 4 9 2 19 4 4 14 2 7 3 7 5 15
8 1 2 2 1 2 6 2 2 3 3 13 1 5 7 1 1 4 2 2 5 5 8 4 5 13 1 20 4 7 3 19 2 3 11 2 6
7 5 4 2 1 5 5 13 2 7 3 15 4 1 17 5 6 4 3 3 10 3 2 2 5 16 3 13 4 1 12 5 13 3 4 2 18 1 5 16 4 4 7 3 2 1 13 2 4 1 4 18
8 3 4 3 1 2 2 14 3 5 10 2 5 4 16 1 2 9 1 4 2 3 3 16 1 8 2 9 5 4 10 3 10 5 3 2 10 1 17 2 2 18 5 13 2 2 4 4 20
4 1 3 18 1 5 3 4 3 19 5 9 1 5 4 2 1 3 12
8 3 1 8 3 12 2 11 1 5 5 5 5 12 2 9 4 19 3 11 1 16 5 3 9 1 20 4 10 2 17 5 9 2 4 16 3 17 5 5 18 4 15 1 15 2 18 3 5 2 3 8 5 10 4 3 20 5 20 4 15 1 18
8 5 1 2 4 16 3 8 2 3 5 15 3 5 7 1 2 2 4 5 4 13 3 13 1 14 2 4 5 12 2 3 10 1 15 1 2 11 2 2 8 5 15 5 2 19 1 9 4 8 5 4 3 10 3 5 14 4 10 2 8
7 3 4 20 1 6 2 8 2 3 15 2 2 5 1 6 4 10 5 11 3 17 2 12 1 5 14 4 2 6 1 6 4 17 3 5 2 1 15 5 2 5 5 5 1 18 2 4 3 5 4 15
8 3 3 6 5 20 1 16 5 5 8 3 19 2 7 1 3 4 8 4 2 7 1 7 5 17 3 2 5 1 7 3 7 5 15 2 20 4 14 2 3 11 4 2 2 4 15 2 18 3 2 8 1 14 3 17 5 5 20 2 8 4 8 1 14 3 19
5 3 2 4 3 10 4 11 1 5 2 4 2 15 5 8 3 18 1 18 5 2 8 1 9 4 5 3 4 5 12 3 4 11 1 6 2 16
8 5 1 15 3 7 2 11 5 6 4 6 5 2 16 4 12 1 16 5 18 3 15 2 1 4 4 2 4 2 16 3 4 4 3 5 7 2 3 8 2 18 2 2 7 4 3 3 4 20 3 10 5 13 5 4 4 5 20 1 12 3 17 2 16
7 4 4 15 2 3 3 20 5 2 4 4 10 5 2 2 20 3 12 4 3 20 4 11 5 7 1 2 2 2 5 1 11 5 2 9 4 15 5 16 1 3 3 17 1 2 2 5 3 2 5 14 4 2 1 11 2 2
5 1 5 18 1 4 19 4 3 9 2 15 5 9 1 10 4 5 13 2 3 1 9 4 15 3 4 8 1 16 2 4
8 3 2 10 1 2 3 4 3 1 7 4 19 3 8 4 2 5 4 5 5 18 3 7 3 1 13 2 12 5 13 2 4 3 5 10 3 2 20 5 6 3 3 2 1 7 3 11 4 1 16 3 6 2 7 4 20
6 1 2 2 4 5 13 2 8 4 11 1 12 3 3 20 1 9 2 12 3 4 6 5 17 3 9 1 3 20 5 4 10 5 16 1 19 3 12 2 5
5 2 2 7 4 15 1 5 5 1 3 19 3 3 8 5 8 1 4 5 1 2 3 17 5 5 4 3 2 13
7 3 5 7 2 9 4 18 5 4 17 3 12 1 11 5 4 2 6 3 3 5 4 19 5 2 2 1 9 4 16 3 4 19 3 3 5 9 1 2 20 5 5 9 1 14 3 7 2 15 4 3
8 3 1 18 2 8 5 15 3 5 17 3 18 4 14 4 1 5 2 16 5 13 3 6 1 3 18 2 1 12 4 10 4 4 20 5 11 2 2 1 18 3 1 10 3 13 2 8 2 5 8 3 19
4 3 1 15 4 20 5 17 5 5 6 1 10 4 10 2 5 3 8 2 5 8 1 13 1 4 20
5 1 3 15 4 2 20 5 11 1 12 3 6 3 1 5 5 15 2 16 2 5 7 1 4 2 3 14 2 5
6 3 2 13 5 3 4 5 5 4 7 2 11 3 18 1 18 5 3 3 5 18 4 13 2 20 5 5 5 4 10 3 15 2 16 1 16 4 1 11 3 8 2 11 4 2 1 3 18
8 2 2 13 4 11 5 1 19 2 13 5 14 4 13 3 20 3 4 15 3 8 2 16 3 4 9 1 8 3 20 2 2 11 5 4 1 5 13 2 2 16 3 10 4 2 17 5 20 1 5 4 10
4 2 5 15 3 13 4 5 20 2 2 4 14 1 19 5 5 19 4 2 1 19 2 11 3 19 4 5 2 4 5 1 18 3 14