25 5
7 2 1 13 5 9 4 5 14 3 5 2 14 1 20 4 4 19 3 9 2 9 1 5 3 1 11 4 2 5 11 2 4 14 5 10 2 3 10 5 20 5 2 12 1 20 5 16 3 5 4 4
7 1 2 8 4 3 3 4 20 2 14 1 15 1 5 3 2 4 6 2 4 1 3 19 1 1 5 4 3 10 1 6 5 13 2 18
4 1 2 18 3 2 15 5 9 4 13 1 5 2 4 5 13 2 3 1 2 3 10
5 2 5 9 2 5 5 3 15 2 14 1 13 5 10 4 3 4 3 5 4 12 5 10 1 16 5 4 17 5 6 2 3 3 8 1 6 3 2 13 3 4 4 20
7 3 4 8 2 19 3 15 2 2 14 1 12 5 4 2 1 10 2 18 3 5 5 2 1 3 13 2 5 9 1 12 2 2 3 1 12 5 2 5 4 16 3 12 5 17 1 9
6 1 2 17 3 3 11 4 5 2 13 1 4 3 3 1 20 3 2 2 2 5 4 14 3 14 1 12 2 3 5 10 3 1 9 2 4 5 4
6 2 2 18 5 4 3 5 14 3 3 1 15 3 4 20 2 12 5 2 2 5 11 4 6 1 1 7 5 5 6 1 2 4 20 2 10 3 13
8 1 4 15 3 3 16 4 12 5 2 1 4 20 4 2 5 3 14 4 6 1 10 1 3 5 2 4 9 5 13 2 2 18 4 7 3 2 4 5 17 1 15
5 2 3 5 4 11 5 1 8 5 8 4 14 3 10 2 18 2 3 20 2 5 5 5 3 1 14 2 3 4 5 3 2 2 3 17 2 7
5 1 5 8 1 1 10 2 5 8 2 15 1 4 18 4 4 20 2 4 5 11 1 17
6 5 3 14 5 2 2 14 4 12 1 4 2 1 14 3 10 3 2 2 1 3 3 14 4 3 19 5 10 4 12 2 3 4 2 13 1 15 4 7 3 7 2 4 20 1 11
8 3 2 4 3 17 4 6 2 2 16 3 19 2 2 6 3 5 2 2 10 4 8 5 3 10 1 9 2 19 4 14 5 14 4 3 5 2 8 1 12 5 9 3 4 10 1 13 5 6 3 5 10 3 7 2 17
6 2 5 12 1 11 3 3 20 1 19 2 5 2 5 13 1 14 1 5 17 1 1 7 5 2 11 4 19 1 4 5 5 3 12
4 2 5 16 3 20 5 5 10 4 11 2 12 3 8 1 15 1 1 11 5 2 16 1 11 3 14 4 13 5 7
6 2 1 4 4 7 5 5 12 4 3 3 15 1 11 2 20 4 2 16 5 17 1 6 4 4 1 4 17 4 2 7 1 7 3 8 5 2 3 5 5 4 8 3 16
6 5 2 2 5 14 1 6 3 6 4 11 4 2 7 4 16 5 11 3 18 5 3 17 4 19 2 2 5 4 1 7 2 2 13 3 6 5 2 7 3 9 4 5 1 17 5 10 5 2 16 4 7 3 20 1 13 5 10
5 4 3 6 5 5 1 3 2 15 2 5 7 2 4 5 5 7 4 15 2 18 1 9 3 11 1 1 14 5 1 9 3 3 2 7 5 18 4 4
4 2 3 6 1 19 1 1 17 5 2 9 3 12 4 12 5 15 1 13 4 2 2 5 7 3 14 4 10
7 4 3 19 1 12 5 18 2 10 2 4 16 5 18 1 2 5 4 3 18 2 10 5 8 1 2 3 3 10 5 8 2 15 2 2 7 3 11 2 1 11 2 2
4 4 5 3 3 10 4 10 1 5 5 3 15 2 4 1 17 5 14 4 12 3 4 20 3 13 5 18 4 5 10 4 19 1 13 3 9
4 3 4 4 1 19 2 19 4 5 14 4 9 1 4 2 2 1 1 8 5 2 3 1 7 5 18 4 19 3 8
6 5 1 19 3 14 2 4 4 16 5 3 5 1 3 2 15 4 16 3 9 5 16 2 4 19 1 3 3 4 7 3 14 5 20 1 5 2 4 2 18 3 9 4 14 1 5
6 4 1 19 5 14 3 15 2 14 3 1 18 5 15 4 19 1 3 7 2 3 18 2 10 5 1 18 5 9 3 13 4 13 2 7 5 4 6 3 5 2 16 5 4 1 17
5 2 1 14 3 11 2 3 3 4 19 3 5 16 4 17 1 3 1 5 20 2 3 4 5 18
6 4 5 11 1 7 4 17 3 18 2 3 14 2 13 1 5 20 5 4 20 2 20 3 19 5 8 1 9 1 3 11 5 1 11 5 10 4 18 3 4 2 3