25 5
8 5 4 6 5 17 1 6 3 18 2 5 4 5 17 3 14 4 16 2 14 5 2 5 5 6 4 20 1 5 3 4 1 3 12 2 3 14 5 5 4 4 16 3 14 5 10 1 2 2 4 10 2 19 1 2 8
7 4 2 20 4 13 3 17 1 9 4 3 13 4 5 1 18 5 20 4 1 11 5 19 2 4 3 11 1 2 20 2 5 19 3 4 1 4 19 5 4 19 5 6 3 20 1 20 2 9
4 3 5 14 2 4 3 18 4 3 18 1 17 5 8 2 8 3 4 14 1 15 2 15 3 5 17 1 16 2 13
4 2 5 10 3 2 1 4 12 4 3 4 1 8 2 4 5 18 2 5 6 3 16
5 5 3 12 2 7 5 3 1 10 4 20 5 2 12 5 4 1 2 3 5 4 19 2 3 16 5 13 2 4 20 5 17 2 1 4 3 14
7 1 1 5 1 5 3 4 1 4 4 5 2 17 5 3 4 4 17 5 6 3 19 1 12 1 4 8 3 4 8 1 3 3 6 4 1 18 5 17 2 8 3 2
6 1 3 3 1 3 3 1 1 20 2 3 9 4 10 3 3 3 5 15 2 10 1 2 15
7 2 1 2 4 11 1 4 10 3 4 11 2 19 5 8 3 1 13 2 19 3 15 1 3 3 5 2 11 5 10 4 8 1 11 3 19 5 2 14 4 20 3 9 1 16 5 5
6 2 5 18 4 14 2 3 11 4 16 2 2 12 1 14 5 3 3 5 17 4 20 2 17 1 20 4 3 16 4 14 5 12 2 15 1 2 19
7 4 4 16 1 17 3 20 5 20 2 5 16 3 4 3 5 5 3 16 2 14 3 1 7 5 12 2 9 4 5 14 3 4 1 7 4 16 2 1 19 4 11 5 1 18 3 3 4 11 5 19 2 8
7 1 2 14 5 1 2 4 17 3 18 5 5 2 17 2 1 6 3 6 1 2 12 2 3 17 5 10 4 1 4 2 12 5 16 4 4 5 5 10 1 12 4 18 3 3 2 8
5 1 5 18 2 2 17 4 15 2 3 10 2 8 5 1 10 4 10 2 9 5 19 3 10 4 3 8 2 16 4 2 5 19
4 3 3 6 1 14 2 7 3 1 8 5 15 2 6 1 3 9 1 2 5
4 4 4 8 5 9 1 12 3 4 1 1 11 2 1 13 4 10 1 1 16
8 4 4 8 5 18 1 6 3 9 5 5 8 1 17 4 17 2 9 3 18 1 5 10 5 5 8 4 20 2 2 1 13 3 7 1 3 8 4 2 6 3 9 1 6 5 20 5 3 10 1 5 4 5 5 18 2 20 5 1 18 2 9 5 6 4 11 3 15
7 2 5 15 1 15 3 2 16 3 2 5 17 5 4 17 3 2 5 9 1 15 2 2 4 3 7 1 2 4 5 2 7 5 2 4 4 11 1 15 5 13 3 7 2 2 6 4 2 5 3 10 1 20 2 7 4 9 5 9
7 1 1 18 5 5 14 4 18 2 10 3 3 1 20 1 3 13 5 1 10 3 11 2 7 5 18 4 10 4 1 10 2 10 3 6 5 19 4 1 7 5 18 3 11 4 2 2 2 4 3 8
6 2 4 2 1 19 4 4 20 3 8 2 5 5 20 1 5 5 2 4 9 2 15 5 1 15 4 13 5 9 2 8 3 5 5 1 10 4 3 3 19 2 12 5 10
4 5 5 16 2 7 1 19 3 11 4 10 3 4 13 3 14 2 2 1 3 20 3 3 20 4 12 1 20
6 1 2 9 3 1 11 3 2 4 9 1 3 16 5 3 13 4 14 2 4 5 6 1 20 2 1 5 2 19 3 4 7 1 4 3 15
6 1 2 3 4 4 17 5 2 3 19 1 2 5 4 6 5 20 3 13 1 7 2 4 3 1 3 5 4 3 5 3 1 4 5 4 2 20 2 2 2 1 18
8 1 4 13 3 3 12 4 6 1 17 1 4 7 5 5 6 3 13 2 14 1 11 4 8 2 5 10 1 9 2 2 5 5 5 3 1 9 2 8 3 13 4 4 5 1 4 5 4 2 16
7 5 1 18 2 3 4 3 5 10 3 9 3 4 7 5 5 3 4 5 3 3 5 10 2 19 1 11 4 19 3 5 9 4 3 1 8 1 1 5 3 1 5 4 16 5 7 5 1 16 5 20 2 3 4 3 3 13
4 5 3 14 2 13 5 4 1 20 4 16 3 3 10 4 13 2 15 2 5 11 2 3 5 3 16 1 9 4 12 2 17 5 12
8 4 5 3 2 7 3 11 1 11 5 3 17 5 12 2 4 4 20 1 17 1 4 20 5 4 11 5 8 2 7 3 13 1 8 1 4 5 1 5 20 5 1 4 3 7 4 9 2 13 5 11 1 5 8