25 5
5 4 1 8 2 3 4 13 3 2 5 4 17 5 4 2 4 1 20 3 16 4 1 11 4 12 5 20 2 13 5 4 5 1 15 3 13 5 19 2 14 4 4 14 5 6 3 19 2 2
6 2 3 11 2 19 2 3 5 5 2 5 4 6 5 7 3 5 2 4 1 9 2 5 8 1 16 3 4 18 3 10 5 16 5 5 16 1 5 3 14 2 2 4 11
7 4 1 9 2 11 3 20 5 2 2 1 8 5 9 5 4 5 5 14 2 15 1 3 3 20 3 3 17 4 4 2 16 2 2 14 3 10 5 4 9 5 17 2 17 1 10 3 15 2 4 9 3 13
7 5 1 19 3 20 4 14 5 3 2 19 4 2 7 5 7 4 15 1 16 5 5 14 2 4 3 15 4 6 1 4 2 5 10 2 15 1 3 14 2 5 17 3 5 3 3 16 5 6 2 2
7 5 3 10 5 15 1 18 4 18 2 14 3 4 17 3 20 5 16 3 4 2 3 14 1 17 2 2 16 4 3 2 3 6 1 14 4 3 16 4 13 5 13 1 15 5 4 3 3 19 5 14 1 19 2 17
6 3 5 11 4 6 2 2 1 5 9 5 4 18 2 16 5 6 3 17 1 5 4 3 11 5 15 1 3 4 7 2 4 12 5 16 3 2 16 3 8 1 3
8 2 1 10 2 4 2 1 15 3 13 2 2 14 3 8 4 4 20 2 2 3 17 5 15 1 2 17 2 1 11 5 11 3 1 7 5 11 2 11 5 1 20 5 2 2 6 4 12 3 3
5 1 5 12 4 4 8 1 2 2 18 5 20 1 1 20 2 2 11 5 20 5 2 10 3 9 4 9 5 16 1 12
8 4 4 11 3 16 2 6 5 4 5 4 16 2 2 5 18 3 6 1 3 3 3 12 2 5 1 16 5 5 19 3 19 2 14 1 7 4 13 1 1 9 2 5 10 2 19 1 4 10 3 2 12 4 10 3 14
6 3 1 17 4 2 3 16 4 3 5 2 4 4 18 1 9 4 3 6 5 19 2 15 1 2 1 2 4 2 2 2 4 12 4 2 3 5 4 4 8 1 14
4 3 3 10 2 3 5 15 4 2 3 4 8 1 10 5 10 2 1 8 4 2 5 3 7 2 2 1 13 5 18 4 5
4 2 5 19 3 4 5 2 8 5 18 3 9 1 11 4 15 2 5 7 1 13 4 1 13 5 16 3 8 2 2
4 2 5 2 1 2 3 5 6 1 3 4 4 1 2 17 1 1 4
5 1 5 2 4 5 5 2 8 4 16 1 3 1 3 4 2 4 6 5 6 5 2 12 4 5 3 8 1 11 5 13
6 5 2 10 3 18 1 12 4 11 5 5 3 3 3 2 4 1 17 3 4 12 3 15 2 5 1 4 7 4 4 10 1 14 5 5 3 13 1 4 3
8 1 3 17 4 4 2 5 3 1 6 3 12 1 3 18 3 4 13 1 20 5 18 3 2 11 4 13 5 19 4 1 9 4 15 5 10 3 12 5 5 20 2 11 4 11 3 10 1 19 3 1 9 5 9 2 9
5 1 5 4 2 3 8 1 15 5 5 2 4 19 2 6 3 15 1 20 3 1 8 3 20 4 10 5 1 12 3 4 4 10 5 16 2 5
6 5 1 7 2 2 4 12 3 10 5 19 4 1 4 5 19 4 20 2 12 1 4 16 2 4 19 2 5 5 3 20 1 14 4 18 5 20 2 18 5 4 2 1 2 3 19 2 4 5 8
5 3 4 4 1 7 2 12 3 3 14 1 20 5 3 4 4 9 5 9 3 9 1 2 2 1 11 4 12 2 5 9 4 12
4 5 4 19 1 10 5 16 3 6 2 20 4 3 12 5 14 4 7 2 18 2 4 11 1 20 3 3 13 5 12 2 17
7 1 5 5 5 1 6 4 11 3 20 5 15 2 3 3 4 12 2 9 5 5 5 5 6 3 16 4 3 1 10 2 2 5 1 17 2 10 4 18 5 7 3 17 5 2 13 5 17 4 10 1 4 3 12 3 5 2 1 3 3 20
7 1 5 6 2 3 20 2 9 5 2 20 3 16 1 13 5 16 4 15 4 3 16 2 4 1 8 4 9 1 4 14 5 4 10 1 9 2 8 3 9 5 3 2 1 4 2 7
5 3 4 6 5 10 2 9 4 2 18 5 20 3 13 1 14 2 4 4 1 17 5 4 20 1 17 3 17 5 2 2 10 4 5 17 2 19 3 12 4 5
8 2 3 16 2 18 1 1 6 3 4 9 1 19 3 19 1 1 18 1 4 13 4 3 15 5 6 1 14 4 11 3 1 20 2 16 4 20 4 5 17 2 8 3 12 4 5
8 5 3 6 5 12 1 17 2 7 4 20 3 1 12 4 18 5 15 1 1 9 5 2 16 4 15 3 7 1 5 5 20 4 4 19 1 15 5 4 3 13 3 4 6 3 12 2 17 3 1 8 4 11 2 14 3 1 19 2 9 4 10