50 5
5 5 5 19 4 17 3 13 1 20 2 16 4 3 18 4 6 2 9 5 18 5 5 19 3 13 2 15 4 12 1 20 4 1 19 2 9 5 3 4 8 2 4 11 5 17
4 4 4 15 3 10 5 15 2 15 5 3 12 4 11 1 7 2 14 5 10 3 1 11 5 17 4 3 1 1 10
4 3 4 8 1 3 5 10 2 5 19 2 14 2 2 14 4 20 1 4 18
5 1 5 11 5 3 3 4 12 2 8 1 10 5 15 2 5 18 3 18 1 2 14 1 4 8
4 2 5 20 2 11 4 1 19 4 4 2 15 5 12 5 1 15 3 11 5 10 2 3 4 11 4 3 17 5 10 2 15 1 18
8 4 1 12 5 15 4 5 2 12 2 1 7 2 16 1 5 19 1 1 15 2 5 20 2 20 3 5 2 2 18 3 16 2 5 2 1 18 2 4 5 2 7
7 1 2 8 5 2 9 3 12 1 5 4 6 5 6 4 1 16 5 6 4 5 3 17 2 3 7 2 3 2 2 5 5 19 1 2 19 1 2 8
4 5 3 18 4 16 2 11 1 19 5 14 2 5 20 3 5 2 4 19 3 12 5 3 19 1 20 4 10 5 8 2 8
5 5 4 6 3 8 1 16 5 19 2 4 5 4 2 1 9 5 7 3 20 2 19 5 5 11 3 5 4 12 1 18 2 18 3 4 15 1 19 3 10 5 3 9 1 15 2 19 4 11 5 9
4 1 3 6 2 3 2 2 11 1 2 2 1 2 5
8 3 3 11 2 18 1 8 4 1 6 3 18 2 2 5 17 5 3 15 4 4 5 17 1 4 2 13 4 4 8 1 11 2 6 3 13 1 2 6 4 2 10 3 3 4 12 5 17 5 2 14 5 15 4 18 1 4 3 7 1 3 20
5 5 5 11 3 3 1 9 2 5 4 10 5 4 9 3 19 1 6 2 20 5 20 2 5 3 2 18 2 4 4 3 17 1 1 13
5 5 1 15 2 4 5 7 3 14 4 2 5 2 18 1 10 4 20 3 16 5 19 5 3 14 5 17 2 9 4 17 1 16 5 4 20 3 20 5 5 2 14 1 11 1 2 16
6 5 3 4 4 5 5 17 2 11 1 16 3 2 20 3 2 5 4 1 4 20 5 2 3 4 12 1 5 3 18 5 6 3 1 7 2 20 5 20 2 1 11 2 10
7 2 5 7 3 6 3 1 13 3 20 4 5 5 5 8 2 12 1 3 4 9 3 9 1 4 16 3 4 10 3 6 2 7 2 4 14 5 14 3 2 8 1 15 4 12
7 2 4 7 5 9 4 5 11 1 17 4 2 2 3 2 3 6 2 5 1 1 15 4 3 17 2 12 5 7 4 15 5 4 7 2 16 5 20 1 15 3 12 4 3 3 5 13 2 10 4 19
4 4 3 6 4 11 1 11 2 14 3 3 17 2 8 1 5 1 4 2 5 4 15 2 18 3 2 5 13 1 13
6 4 5 11 3 10 2 7 4 5 3 5 6 1 12 2 14 4 4 14 2 11 5 12 3 5 4 3 5 5 3 1 11 4 8 1 5 19 3 5 14 3 12 1 5
5 4 1 11 4 5 3 17 2 15 1 4 20 4 4 3 1 18 3 7 5 3 2 1 6 5 8 4 2 15 3 8 5 14 4 2
7 1 2 14 2 2 15 1 7 1 5 13 5 5 13 3 8 2 17 4 3 1 14 2 4 17 5 8 5 3 6 1 12 4 20 5 4 2 19 1 5 7
7 3 2 18 1 7 3 20 2 2 11 5 8 1 4 6 4 5 8 2 13 4 8 1 5 1 2 10 5 1 14 2 9 3 5 4 10 5 4 3 2 2 1 18 4 2
4 5 3 18 5 7 2 11 4 8 1 16 5 5 3 1 13 3 2 2 4 4 15 3 2 5 1 19 3 12 3 5 10 3 10 2 5
4 1 1 8 2 4 19 5 5 2 4 18 2 5 4 1 18 4 8 3 9 5 12
6 5 3 7 1 16 5 9 2 10 4 13 2 4 17 1 6 2 1 3 5 15 5 1 14 4 6 3 6 5 16 2 17 5 2 3 4 13 1 8 3 18 5 16 2 2 20 5 18
5 3 5 2 4 5 1 9 5 5 15 2 13 3 7 1 20 4 8 1 3 5 2 3 5 4 18 1 2 4
4 4 2 12 4 2 3 15 1 13 1 1 6 3 2 2 3 17 4 12 3 1 7 4 13 3 19
5 3 3 9 5 7 2 15 2 3 9 2 3 2 1 12 5 2 5 1 6 2 16 4 13 3 2 5 5 1 4 13
4 2 4 7 5 9 5 3 2 5 15 2 6 4 7 1 7 5 5 19 1 5 4 9 3 20 2 10 2 2 6 5 17
4 5 3 16 5 10 1 13 2 16 4 9 3 5 3 2 2 4 12 1 5 12 5 2 20 4 3 3 5 5 13 1 10
4 1 2 2 2 2 14 3 13 3 4 16 3 9 5 6 1 5 2
4 5 3 13 2 16 4 18 5 16 1 16 4 3 13 4 2 2 11 1 13 3 5 13 3 9 1 19 1 4 15
7 3 5 9 2 11 4 16 2 3 10 2 11 5 5 8 1 7 3 7 2 7 4 8 1 3 17 2 2 20 4 4 5 3 11 2 7 4 13 1 16 5 9 3 3 5 5 5 4 19
4 5 3 6 1 20 5 7 4 5 2 8 4 2 14 4 4 3 11 5 15 2 1 5 4 14 5 5 8 3 6 1 5 2 8 4 10
7 4 4 5 2 7 5 9 3 11 1 2 5 2 4 16 2 14 4 2 5 4 14 1 2 5 7 3 3 9 4 2 2 20 4 3 9 4 11 1 10 5 15 1 4 13
6 3 1 12 5 17 4 18 3 3 19 2 5 1 15 2 4 3 3 17 5 4 15 3 16 5 14 2 14 1 3 3 2 16 4 17 1 9 1 2 15
5 5 2 18 1 16 3 9 4 11 5 7 3 4 4 3 20 5 16 4 5 13 1 7 4 11 2 17 3 1 5 4 14 3 12 3 1 15 5 5 2 20
8 2 4 11 3 17 3 3 20 4 3 1 2 2 4 20 5 5 2 2 8 3 5 3 3 15 4 10 2 8 5 3 12 5 17 4 18 2 9 1 12 5 5 17 1 19 4 18 2 6 3 11 4 1 18 2 8 3 16 5 18
7 5 3 13 4 10 1 7 5 7 2 16 3 5 13 1 19 3 2 3 5 2 3 5 1 7 2 1 17 4 2 4 5 7 1 6 2 8 4 9 1 5 14 3 3 6 5 17 4 4
7 3 5 4 3 12 2 8 4 5 17 1 20 3 17 2 17 5 1 5 3 5 5 4 2 14 4 12 4 5 3 4 7 2 8 1 9 5 4 17 1 3 3 12 2 15 5 19 4 3 17 5 15 1 6 2 18 1 1 20
4 5 5 2 1 16 4 3 2 13 3 19 5 4 8 2 8 3 7 5 3 1 19 3 1 14 5 19 3 2 1 1 7
6 1 5 16 2 3 19 2 19 4 1 3 5 18 3 2 4 12 5 3 18 5 7 4 16 2 20 1 12 2 1 6 2 14 2 4 12 2 10
7 2 4 2 1 13 3 1 14 2 19 3 12 3 5 8 4 18 3 14 1 3 10 1 5 7 4 2 4 1 13 4 14 3 13 5 2 19 5 14 3 9 1 11 4 9
5 3 4 7 3 6 1 20 3 1 10 3 13 4 7 5 2 20 3 20 5 18 1 11 4 13 4 4 3 2 3 1 15 5 5 5 5 13 4 17 3 4 2 7 1 8
8 1 5 20 1 4 20 5 3 13 4 20 5 9 2 12 1 11 4 5 19 2 20 4 10 1 4 1 1 13 3 3 11 1 5 5 7 3 5 17 3 15 2 7 1 1 5
4 5 1 9 2 10 4 7 3 16 5 11 3 3 12 5 12 2 16 1 3 6 4 4 19 5 15 2 3 3 19
6 4 3 7 4 6 1 5 2 16 2 3 18 4 2 2 1 5 2 18 1 3 8 4 2 16 5 20 4 18 3 11 2 5 11 3 6
8 1 4 6 1 4 19 3 5 18 1 14 3 5 2 1 2 5 10 3 5 3 4 15 2 3 4 4 10 3 2 5 11 2 19 4 3 17 2 11 1 11 5 10 4 4 16 3 13 1 2 5 11
8 4 4 15 2 8 1 19 3 5 4 3 19 5 3 1 10 4 10 2 2 6 1 18 4 3 7 4 19 2 6 5 4 2 3 15 4 14 2 5 3 1 12 5 4 7 2 10 3 19 5 5 1 17 1 4 6
4 5 4 16 3 18 2 13 1 8 5 9 1 5 11 2 2 5 4 14 3 4 20 3 20 5 19
6 4 5 16 3 4 2 15 1 13 1 4 5 4 2 5 1 3 5 3 3 7 2 2 5 1 18 3 5 14 1 14 2 11 4 3 3 4 6 2 10 5 16