50 5
4 5 5 20 2 18 4 12 1 14 3 20 5 1 15 3 14 5 9 2 7 4 15 4 5 6 2 10 4 3 1 3 5 4 15 5 6 3 10 2 14 1 15
7 1 1 14 3 4 3 1 18 3 8 3 4 13 2 8 3 10 5 5 8 3 11 1 12 2 3 4 12 4 4 19 3 4 1 5 2 16 1 1 12 2 5 9 3 9
4 3 1 4 5 12 4 7 3 4 20 3 4 5 14 4 3 5 2 19 4 4 1 8 5 5 16 3 11 1 12 4 12 2 18
5 1 2 3 5 1 3 5 9 4 17 2 8 3 4 2 3 14 2 19 5 4 20 3 4 5 6 1 5 2 11 1 5 14
7 4 1 17 5 8 4 3 3 4 2 1 14 5 13 5 3 3 2 13 1 15 4 12 5 8 1 3 12 4 1 5 2 8 5 3 4 6 3 2 12 1 5 4 13 1 3 3
6 4 2 16 1 11 4 19 5 16 1 2 20 1 1 17 2 4 14 2 13 4 1 15 2 13 4 19 5 6 1 4 17
7 1 2 16 3 4 19 5 11 3 18 2 1 18 2 3 4 3 8 4 18 5 15 2 17 1 3 18 1 4 4 1 2 3
4 3 3 14 4 3 1 4 2 2 11 3 7 5 4 3 5 16 1 2 2 20 3 2 5 1 19 3 15 2 18 5 10 4 6
6 4 4 14 1 16 5 12 3 9 2 4 13 3 13 4 1 18 3 5 5 3 2 7 3 3 10 2 20 1 4 3 4 14 1 4 5 19 1 2 18
5 3 2 2 4 9 3 8 5 3 3 4 10 2 16 5 3 1 11 2 3 4 1 12 3 5 8 2 19 1 13 5 1 13 2 5 5 9 4 19 3 15
6 4 2 5 5 8 1 16 3 19 3 5 4 1 18 4 10 1 5 20 1 5 15 4 2 10 3 12 5 7 4 5 5 2 16 4 2 3 18 1 6 5 6
5 1 5 14 2 3 13 4 20 2 2 16 5 2 1 1 7 5 5 2 4 17 2 4 1 12 3 12
4 1 1 3 1 3 20 5 2 8 1 19 3 18 4 7 5 14 5 4 4 5 9 3 14 2 11 1 4
7 2 5 15 3 16 5 3 2 4 14 2 15 5 14 1 10 4 2 8 3 12 4 17 1 18 1 3 7 3 2 13 3 18 5 6 2 2 11 1 8 5 5 20 2 10 3 20 4 19 1 2
5 4 5 15 1 15 3 18 4 13 5 2 8 5 12 1 16 4 7 3 3 3 2 5 4 10 5 4 5 1 8 2 14 4 12 3 17 5 2 3 5 12 1 8 2 7
6 4 3 7 2 11 1 8 5 7 3 3 14 5 16 2 7 4 1 15 2 3 5 13 3 11 5 3 18 4 14 1 13 5 17 2 13 1 5 2 4 3 13 5 3 2 20 1 6
5 3 2 15 1 19 4 19 2 4 11 5 10 3 4 12 1 12 3 8 5 5 2 1 10 4 16 2 13 3 16 5 1 3 2 10 3 4 5 8 4 11
8 3 2 15 3 13 5 20 1 2 8 4 3 10 4 8 2 17 1 7 4 5 4 2 13 1 10 3 19 5 5 4 2 13 1 16 4 15 3 3 3 3 5 4 18 2 7 5 2 8 4 14 5 8 1 7 3 8 5 3 18 5 8 1 6 4 17 2 17
4 4 4 10 3 14 1 2 5 8 4 3 4 5 16 4 15 2 13 5 4 18 5 10 1 17 2 12 3 14 2 5 19 1 12
4 4 3 10 2 3 1 5 4 5 5 5 17 3 12 1 20 2 19 4 5 1 5 15 1 3 2
7 4 5 18 4 5 1 5 2 4 5 4 9 5 18 1 14 2 8 3 16 1 4 8 3 2 11 4 9 1 3 1 4 8 4 5 20 1 5 3 20 4 10 2 5 2 2 2
4 5 3 17 5 2 1 4 2 11 4 16 3 5 15 1 13 3 12 5 4 6 5 8 2 17 3 16 1 10 3 1 4 5 2 2 14
4 4 5 14 3 20 2 16 4 4 2 4 18 1 17 5 1 10 2 5 4 8 3 3 5 16 3 1 5 2 3 4 19
8 2 1 10 4 18 1 2 15 2 4 6 3 4 1 1 18 4 3 8 4 4 2 10 1 9 5 1 14 3 11 4 14 5 13 2 15 5 1 7 3 7 4 9 2 12 5 5 5 2 12 1 15 3 9 4 3 5 4
6 4 5 12 4 6 3 13 2 16 1 2 6 4 1 20 3 16 4 6 5 4 5 3 19 2 6 5 2 4 12 1 13 3 5 17 3 7 2 13 3 1 3 4 16 2 14
6 2 3 18 4 5 3 4 17 2 11 3 7 2 3 4 1 17 1 4 16 5 3 4 2 11 4 6 1 4 5 7 2 2 6 3 11
8 3 2 18 4 18 1 2 5 2 3 4 4 1 20 5 5 3 8 1 1 19 1 1 18 3 2 16 4 13 1 18 2 2 11 1 14 5 5 19 4 18 2 19 3 8 1 19 2 4 3 3 18
5 3 2 16 5 3 4 10 3 4 2 5 16 1 16 4 4 17 3 3 2 19 1 18 4 5 14 3 2 1 8 4 9 5 1 17 3 5 4 13 2 17 5 11
7 5 2 8 3 16 4 10 1 14 5 9 2 4 19 1 7 4 2 20 1 17 3 3 5 16 4 1 2 3 10 2 5 4 17 3 3 18 4 20 1 9 2 3 19 2 13 1 1 5
6 1 2 16 5 3 5 4 4 1 10 5 20 2 3 4 2 19 4 6 5 14 3 13 4 2 3 5 11 4 20 3 5 2 4 16 3 13 5 4 7 1 10 3 13 2 5 5 13
7 5 1 7 4 8 3 8 2 13 5 16 4 1 6 5 9 3 20 4 3 1 3 13 2 5 12 4 13 2 4 16 5 9 5 4 17 5 18 1 7 3 10 2 16 5 3 4 4 4 2 5 1 10 5 7
7 3 1 14 2 11 4 18 3 5 7 1 19 3 8 5 4 9 5 17 3 5 1 7 2 18 2 5 18 2 18 3 3 10 1 14 2 3 2 3 12 1 13 4 2 11 4 4 5 14 3 12
6 3 5 3 3 20 1 17 2 1 9 3 16 5 4 16 3 12 1 6 2 16 5 15 4 2 11 4 2 3 14 1 14 4 1 20 3 16 5 9 4 20 2 4 17 2 4
7 5 3 11 5 18 2 13 4 20 1 20 2 4 11 5 14 3 4 19 1 4 5 13 5 1 15 4 11 5 10 2 10 3 17 2 1 8 3 9 1 3 6 5 5 12 1 6 2 9 3 5 4 17
8 3 1 13 2 14 4 19 2 4 15 3 5 2 1 19 4 7 1 4 2 2 3 14 4 5 1 1 5 1 5 18 4 5 3 2 9 1 4 3 2
6 4 4 5 5 9 3 17 2 4 4 1 12 5 7 3 7 2 17 5 3 2 5 4 1 11 2 16 4 17 2 4 18 1 16 4 4 10 2 18 5 5 1 7 2 2 5 3 9
6 3 1 5 4 10 5 20 3 1 6 3 19 5 6 5 3 8 4 9 5 17 1 13 2 14 3 1 18 2 16 4 7 4 2 15 4 13 1 9 5 18 3 3 10 2 13 4 8
8 5 3 2 1 13 2 16 5 13 4 9 4 1 3 3 9 5 5 2 7 3 1 3 4 8 3 12 3 4 5 1 8 5 9 3 3 7 4 10 2 6 1 1 14 5 4 10 1 11 5 8 2 19 3 14 1 2 13
7 5 4 6 2 13 1 10 3 19 5 12 3 1 13 4 11 3 6 1 1 18 3 5 12 4 6 1 16 4 1 18 4 5 3 16 5 6 1 1 17 4 4 20 3 20 2 5 5 12
4 1 5 12 2 2 19 4 17 1 2 17 5 1 16 2 3 3 7 5 20 4 11
8 1 1 6 4 3 19 2 11 4 19 5 16 1 2 12 5 2 17 1 11 5 6 4 17 3 10 2 1 12 5 13 1 4 15 4 4 14 2 6 5 16 3 7 2 5 20 3 2
7 5 2 19 3 15 4 8 1 16 5 2 4 2 13 3 5 5 7 4 10 1 3 7 4 5 9 3 5 4 14 2 16 5 4 17 3 10 2 7 1 3 5 3 4 5 2 1 10 4 3 3 12 4 4 11 2 6 5 11 3 19
5 4 4 6 5 20 1 12 2 7 3 5 13 1 12 2 12 2 1 13 4 6 5 2 13 5 14 1 12 3 9 4 8 2 2 5 5 10
7 2 4 16 3 8 2 1 14 5 17 1 3 4 3 5 2 1 16 4 16 4 4 7 2 15 5 9 3 3 4 1 11 5 13 3 12 4 14 2 5 15 4 2
8 3 1 14 4 9 3 6 2 4 3 3 10 5 5 11 1 6 4 19 3 12 2 16 5 1 18 5 17 3 20 4 5 2 18 1 5 20 1 3 5 5 4 6 2 4 5 5 1 7 3 10 3 3 16 4 7 2 11
5 1 2 17 1 1 20 5 2 4 5 18 1 6 4 18 3 5 2 3 2 4 10 5 2 3 1 6 4 18 3 2 5 6
5 3 4 18 5 13 3 9 5 1 6 4 17 2 18 5 9 3 14 1 3 4 1 3 14 5 1 16 5 15 4 11 2 3 3 15
5 5 4 7 3 8 5 6 1 13 2 8 1 5 5 2 3 20 2 3 4 3 6 2 16 5 9 1 10 3 4 4 1 10 3 18
8 4 3 18 2 19 4 5 1 17 3 3 6 1 5 2 10 1 3 4 1 3 4 5 1 15 4 7 3 13 2 8 5 16 5 5 15 2 16 1 18 3 14 4 18 2 2 11 1 14 1 2 11
7 5 1 16 2 18 4 3 5 9 3 14 1 4 14 5 2 7 1 19 5 7 3 20 4 8 1 3 13 4 4 3 3 9 5 4 1 5 4 3 11 2 2 1 19 4 15 4 3 15 5 11 4 11 2 17