50 5
5 2 5 8 3 3 3 3 10 4 16 2 13 2 1 2 3 15 1 5 11 2 1 12 3 13
6 3 1 10 3 11 4 6 3 1 16 5 15 4 11 4 3 2 5 19 4 14 1 15 4 2 17 3 15 5 7 1 12 3 1 6 5 16 4 15 4 1 13 5 17 4 17 3 8
6 5 3 16 5 8 2 11 1 13 4 14 1 1 8 3 2 7 5 8 4 20 3 5 14 2 8 3 11 4 1 8 3 9 2 11 4 17 1 1 10
6 4 4 12 5 4 2 11 1 3 3 5 12 4 4 2 12 2 3 17 1 19 1 5 12 3 1 16 4 20 5 3 4 1 8 4 4 3 9 2 10
5 2 3 2 1 6 2 2 19 4 16 1 1 13 5 1 2 3 13 4 13 5 18 2 11 1 5 18
8 3 1 10 2 11 3 6 5 5 7 1 5 2 19 4 9 3 4 5 5 13 1 19 4 5 3 18 2 6 1 3 13 2 5 18 4 2 4 3 18 5 17 1 2 4 18 3 1 9 3 17 5 4 2 5 3 1 19
4 4 2 20 3 14 4 2 1 8 2 2 5 1 10 5 5 18 3 14 4 9 1 8 2 9 3 4 20 2 3 5 17
6 4 1 13 4 8 3 18 5 9 3 4 11 2 14 3 11 4 1 10 5 17 3 16 4 5 1 2 3 3 5 12 4 6 2 6 5 3 11 2 8 5 14 1 9 4 11
5 4 3 8 1 13 5 8 2 10 1 1 2 2 5 10 3 20 5 4 16 2 5 1 19 3 16 5 3 2 2 16 4 19
6 4 2 17 5 3 4 5 1 3 2 2 17 3 20 3 3 9 4 14 2 10 2 5 12 3 2 5 4 11 3 6 5 10 1 4 2 15 5 5 7 2 9 1 9 4 7 3 14
4 4 2 16 5 6 1 17 3 18 4 2 18 5 6 4 15 3 12 2 5 9 4 2 4 1 4 2 11 5 13 3 4
8 5 1 7 2 19 5 8 4 19 3 15 3 4 8 2 4 5 17 2 3 12 4 9 5 5 13 4 2 3 19 1 13 2 8 4 1 14 5 14 3 16 4 11 3 5 11 1 3 2 8 5 1 9 2 20 3 14 5 5 4 20 4 2 15 3 5 5 10 1 12
5 3 4 6 2 19 3 5 2 3 8 1 13 2 3 6 4 3 1 3 16 2 5 10 1 5
5 4 5 16 3 17 1 2 2 18 4 3 9 1 10 4 11 2 12 4 1 9 4 19 3 15 2 10 2 1 20 2 18 5 5 12 2 3 3 9 4 11 1 15
5 2 3 18 5 5 3 2 14 5 8 1 8 4 3 11 5 5 1 17 2 17 5 5 5 3 8 4 3 2 15 1 14 4 5 11 4 19 3 6 2 16
6 5 2 14 1 19 3 16 5 3 4 3 2 3 2 4 2 1 3 5 4 4 12 5 20 3 7 1 19 4 4 3 1 2 3 15 5 8 4 4 6 1 6 2 5 3 13
8 4 1 6 2 12 5 18 3 15 5 1 4 3 5 2 11 4 11 5 7 5 4 14 5 18 3 5 2 14 1 6 1 3 9 4 2 5 4 20 5 4 3 3 1 4 6 4 3 7 4 15 1 15 5 6 2 1 20 5 2
4 4 4 13 5 17 3 2 2 20 5 3 8 4 19 2 12 5 16 1 18 1 3 6 2 4 2 1 3
8 1 1 8 2 1 6 3 6 4 1 13 4 10 3 11 5 6 5 4 16 2 4 3 8 5 19 1 13 3 2 4 5 20 4 8 5 3 20 5 2 1 12 4 19 2 5 3 4 2 3 7 2 16 2 4 19 2 14
4 1 2 2 3 4 18 2 14 3 9 3 1 7 5 13 3 2 5 4 10 1 11 2 18 5 19 3 19
6 1 5 7 2 3 3 2 8 5 3 8 4 7 2 8 1 9 5 11 5 5 15 4 2 1 2 3 13 2 19 4 1 11 2 4 4 2 5 9 1 1 8
8 5 4 20 5 4 2 13 3 15 1 2 4 5 13 2 15 4 2 3 7 5 3 9 5 3 2 4 4 19 1 13 4 3 10 5 20 2 13 1 9 4 4 9 5 9 2 20 1 16 3 4 4 2 14 5 11 5 3 19 1 9 5 19 4 20 2 11 1 4 14
6 3 2 14 4 18 3 7 3 5 13 2 18 3 5 5 1 2 4 7 3 5 2 10 5 3 3 2 3 1 12 3 18 2 2 2 3 2 3 2 6 5 12 1 12
7 1 1 5 2 4 11 1 16 2 5 17 2 14 2 4 9 2 4 2 1 6 2 3 3 3 14 2 13 5 14 5 2 12 5 3 4 5 1 12 3 17
4 2 5 19 4 14 2 5 10 3 12 5 2 18 3 14 4 16 1 3 5 17 1 2 7
6 4 5 19 4 16 2 20 1 6 4 2 5 5 14 3 11 4 18 1 2 15 5 2 13 3 2 5 3 1 16 4 18 1 5 11 5 2 5 4 3 3 17 5 10 1 2
6 2 4 3 1 8 3 1 5 3 2 5 16 1 5 2 4 5 8 3 10 4 14 1 13 4 4 5 3 6 1 12 5 3 5 4 15 5 4 2 13 3 2 1 9
8 2 2 2 3 3 4 5 8 3 12 2 6 1 12 2 3 18 4 2 2 2 5 1 7 3 3 14 1 10 4 12 1 3 16 5 1 9 3 20 2 7 4 18 5 7 2 1 12 4 12
5 5 3 5 2 17 4 17 5 15 1 16 3 2 17 4 9 1 19 2 4 17 3 11 3 5 19 1 2 3 7 1 3 20
6 5 2 11 3 3 1 15 4 19 5 12 4 3 11 2 14 4 2 1 3 2 3 2 4 17 4 5 10 1 7 2 11 4 13 2 2 11 5 5 5 3 18 2 20 5 20 4 4 1 16
4 3 1 3 4 17 2 4 4 4 2 2 20 3 2 5 16 2 3 9 4 12 4 3 10 5 16 4 14 2 15
6 1 3 12 3 5 17 2 8 4 19 1 2 12 5 2 7 4 5 3 10 1 13 5 5 3 3 7 5 17 1 4 2 3 10 2 16
7 2 5 3 2 13 5 4 11 3 6 5 4 1 6 2 10 1 3 17 1 1 15 1 2 6 4 2 3 5 14 4 12 1 20 2 5 2 3 7
7 1 5 16 2 2 7 3 20 2 1 17 2 17 3 2 16 5 9 1 11 1 3 15 3 5 9 2 4 3 2 2 1 5 2 19
5 4 2 12 3 9 4 7 1 13 4 4 14 2 18 1 4 5 2 5 2 5 4 19 1 3 3 15 5 14 2 3 9 2 14 3 5 2 1 12 3 2
8 3 1 18 4 19 3 8 4 1 14 2 19 4 13 3 3 2 5 4 1 11 1 4 16 2 5 15 3 10 3 2 14 5 12 1 17 2 1 12 5 14 1 4 18
5 5 2 16 1 8 5 11 4 15 3 5 4 1 2 2 9 3 4 5 10 3 1 10 5 6 2 9 4 3 3 2 12 1 2 4 9 5 4 17 1 12 5 9 2 9 3 19
6 5 5 3 1 19 2 18 4 3 3 14 1 2 8 5 3 4 5 6 1 17 4 18 2 18 1 2 8 1 4 2 4 3 19 1 10 2 16 5 4
7 3 5 2 4 11 2 13 2 2 15 3 14 2 2 18 3 11 5 4 6 2 8 5 11 3 18 1 12 4 1 20 3 11 4 2 2 13 3 2 19 5 9 4 15 3 3 10 4 6 5 12
5 5 1 4 3 4 2 19 5 7 4 15 2 3 6 2 7 3 3 5 5 11 4 3 4 4 4 2 18 1 15 5 10 2 1 13 5 16
5 3 3 10 4 16 1 9 5 4 3 3 2 2 15 5 18 1 13 2 5 17 2 14 3 4 14 2 11 1 20 5 4 9 2 8 3 13 5 6 1 5
5 2 4 20 2 19 5 5 17 4 3 3 2 2 15 1 13 3 2 15 4 16 3 14 4 2 15 5 11 3 5 1 2 2 4 13 2 3
6 2 5 9 4 3 3 2 11 5 17 4 16 3 3 8 1 16 2 17 5 5 18 4 14 1 10 3 5 2 16 2 1 3 4 5 3 5 19 1 3 4 14
8 3 3 7 1 16 4 9 3 4 13 5 11 2 10 4 1 7 4 8 3 13 2 20 4 1 5 2 19 5 3 4 19 2 4 13 1 12 5 2 7 4 19 5 5 3 11 1 4 1 5 11 2 3 2 4 18
8 2 3 7 1 3 5 3 5 4 10 2 2 5 11 1 11 5 4 17 3 20 1 13 2 12 5 15 1 3 8 2 4 13 3 14 3 5 17 3 14 4 14 1 1 14 3 5 8 2 11 1 17
6 3 4 18 1 3 2 17 3 4 3 1 7 5 8 2 3 4 5 14 5 3 7 5 11 1 8 4 9 2 17 1 3 11 3 5 3 4 10 3 17
4 2 1 15 5 12 4 3 5 5 4 1 2 2 4 2 1 16 3 6 3 5 13 3 7 1 3
8 1 3 9 2 4 3 5 16 1 4 17 2 3 17 2 14 2 4 12 2 14 3 3 7 2 13 5 17 4 2 16 3 8 5 18 4 15 1 3 6
6 2 2 5 1 13 4 3 11 2 12 5 13 4 4 3 4 3 3 10 2 2 3 1 15 5 3 2 7 5 3 18 2 14 5 15 4 2 1 19 3 2 7 5 19 4 11
5 1 4 3 3 5 17 1 4 4 15 1 3 12 3 4 7 2 5 5 9 1 4 13