50 5
6 1 1 20 3 1 17 5 15 3 16 3 4 19 3 18 2 14 2 1 14 3 6 3 5 17 4 20 1 12 3 3 3 1 9 5 19
6 1 2 8 5 3 19 2 15 5 9 1 18 4 20 3 5 3 4 18 3 5 2 2 11 1 14 2 1 13 3 12 1 3 12
4 3 4 3 5 15 3 6 3 5 13 2 12 1 5 4 3 9 5 12 1 15 2 9 2 2 3 5 3
6 2 4 10 5 6 1 5 19 5 1 4 2 15 4 10 3 18 5 6 2 1 17 3 13 1 4 6 3 1 9 4 7 3 11
7 1 2 3 3 5 17 2 12 1 14 3 1 20 2 13 5 10 2 2 13 1 20 3 1 13 2 6 4 3 1 3 4 4 4 7 5 15 2 13 3 15
6 1 2 3 1 4 17 3 4 8 2 6 3 20 5 4 2 1 12 3 19 2 7 5 16 4 1 17 4 5 2 8 3 15 2 5 3 2 3
4 1 2 17 3 2 5 4 15 5 5 1 3 4 5 2 10 3 19 1 11 5 14 4 2
7 4 5 10 4 7 3 7 2 5 4 3 9 4 8 1 17 2 3 3 5 20 1 6 2 4 3 1 8 3 14 2 18 3 1 6 5 2 2 6 4 2 7 3 5 4 9 1 19 2 5 8 3 20
4 3 2 12 1 4 5 19 3 5 16 4 17 1 12 4 3 14 5 3 1 10 2 2 3 2 18 3 4 5 15
5 4 3 9 2 15 5 8 1 12 2 2 13 3 3 1 3 11 1 2 18 3 4 3 3 9 2 13
4 5 5 5 1 3 4 13 3 20 2 20 5 3 11 5 2 1 18 4 18 2 8 1 4 15 3 3 6 2 4 5 2
4 1 4 19 5 3 5 4 10 2 16 1 10 5 14 2 2 16 5 18 1 5 16
5 5 4 9 5 16 1 9 3 3 2 6 2 1 7 3 14 5 3 2 5 4 2 19 1 3 4 14 4 4 17 2 20 3 16 5 20 5 5 12 2 11 1 6 3 14 4 14
4 5 5 15 1 16 2 18 3 18 4 18 5 5 20 3 8 1 5 2 15 4 8 2 2 3 4 11 5 5 3 1 3 2 6 4 6 3 9
5 4 5 2 3 5 4 10 1 14 5 3 7 5 10 4 6 1 20 2 9 5 2 6 1 14 4 16 3 6 5 14 2 2 12 5 16 2 4 18 3 10
6 5 3 18 2 14 1 20 5 20 4 2 2 2 16 5 19 2 2 18 4 20 4 2 12 3 13 4 2 1 12 5 5 10 1 14 2 20 3 7 4 8 4 2 16 3 10 1 12 5 10
8 2 1 11 2 16 5 1 13 3 8 4 19 2 18 5 12 2 1 18 4 19 5 2 17 5 5 1 2 3 7 4 8 3 3 19 4 18 1 17 3 4 11 5 2 2 14 1 2 20 5 3 6 5 6 1 6 2 12 4 3
8 4 2 13 3 17 5 14 1 19 4 1 13 5 15 3 7 2 19 1 3 5 5 3 4 1 9 2 17 5 4 4 7 5 5 17 4 15 1 4 2 12 3 16 1 1 14 5 4 10 3 11 2 5 5 12 1 11 1 1 12
7 1 1 19 5 5 7 2 11 1 13 3 11 4 5 1 2 8 4 5 15 4 2 3 12 2 20 1 3 5 3 5 19 2 17 3 17 3 3 19 2 19 1 19
6 4 2 20 1 10 5 6 4 18 2 1 9 2 9 3 5 19 2 11 3 15 1 2 5 2 2 3 1 20 2 3 13 4 2
7 4 3 20 5 19 1 13 2 9 3 3 18 5 12 2 20 5 1 17 5 14 4 5 3 4 2 20 1 3 7 2 1 13 5 15 3 5 12 1 20 2 20 2 2 14 3 13
7 5 2 9 1 6 3 14 4 2 5 2 5 1 7 5 15 4 11 3 16 2 3 1 2 17 1 3 4 3 3 13 2 4 1 2 5 2 18 3 6 4 20 1 16 5 4 3 3 18 2 16 4 7
4 5 4 13 3 15 2 16 1 10 5 8 3 5 5 2 14 1 11 5 1 19 5 15 4 18 3 9 2 7 2 1 15 5 20
8 5 1 11 2 18 3 6 5 14 4 15 3 2 10 4 7 1 2 1 1 9 3 1 17 4 9 2 9 1 4 18 2 2 17 4 19 1 4 10 5 1 14 5 6 3 11 4 10 2 10
4 4 2 6 1 14 5 10 4 10 2 3 20 5 14 5 5 17 2 13 4 14 1 20 3 17 4 5 8 4 6 2 4 3 10
8 1 4 3 1 2 17 1 3 5 2 1 7 5 7 5 5 6 3 13 2 19 1 9 4 3 1 1 16 1 5 9 5 3 18 4 2 1 13 5 10 2 9
6 4 5 13 4 9 1 7 3 10 3 3 8 4 17 5 6 4 5 14 2 17 4 7 1 4 3 5 11 2 3 3 19 1 4 5 2 2 12 3 12
8 2 4 7 5 20 3 3 10 4 15 5 3 2 4 4 2 10 3 3 9 5 8 2 10 3 4 10 5 16 2 12 3 2 10 1 19 3 4 2 5 13 4 9 3 4 4 1 18 5 20
8 5 2 6 3 2 4 7 5 20 1 19 5 4 20 2 5 5 6 3 4 1 10 4 5 20 3 11 1 6 2 20 3 2 6 4 9 3 5 4 3 15 1 15 4 10 5 13 4 2 17 4 12 3 20 1 18 5 2 19 5 5 1 15 3 8 4 20 2 3 13 4 14
4 1 3 18 2 3 16 1 15 2 4 12 2 15 2 1 4 2 13
5 3 5 18 2 14 4 9 1 1 11 4 3 20 4 6 5 18 1 11 5 4 14 2 11 5 16 1 10 3 3 4 3 8 4 15 2 19 5 3
6 2 2 6 4 9 4 5 7 4 17 2 14 3 20 5 2 8 5 14 1 14 3 15 4 17 1 1 5 3 4 19 5 2 3 11 3 5 12 1 4 4 4
6 4 5 13 4 3 1 2 2 17 4 5 12 1 20 2 8 4 12 2 4 15 1 7 5 1 13 5 19 3 5 2 6 4 6 2 5 18 2 10 4 5 5 2 3 1 4 3 20
5 5 5 6 4 3 1 6 2 10 3 3 2 5 3 4 7 3 5 18 2 3 1 8 4 3 3 5 17 2 2 4 19 1 3 5
7 4 4 18 2 20 1 8 3 14 5 3 4 4 18 1 18 2 4 5 20 3 5 2 3 4 2 20 2 5 12 3 19 1 4 13 1 1 19 2 1 3 3 20
6 1 4 3 3 1 3 3 18 5 2 4 5 7 3 8 1 10 2 3 2 2 5 5 3 2 5 5 1 13 2 1 8 3 12
6 2 4 17 1 6 4 5 20 4 13 3 17 2 2 2 3 8 5 4 2 1 13 3 11 3 5 20 4 11 3 11 3 3 15 5 20 1 11
4 4 5 13 2 17 4 12 3 9 2 2 9 3 9 4 5 15 3 6 2 9 1 3 3 5 20 1 11 3 5
5 2 5 3 3 13 2 2 3 5 19 3 4 8 2 17 1 8 5 4 13 3 15 1 7 5 11 2 5 4 1 17 2 16 3 13 5 16
7 2 3 3 5 3 2 4 7 2 8 2 1 19 4 13 4 2 2 5 9 4 19 3 8 3 2 4 5 3 3 14 1 5 3 2 1 5 3 13
7 5 1 15 2 14 5 5 4 13 3 17 5 5 15 3 7 1 5 2 19 4 19 4 5 10 2 7 3 6 1 9 3 2 20 4 20 5 15 1 4 10 2 3 12 4 8 1 3 20
5 2 5 18 3 12 5 5 15 3 15 4 12 2 9 1 2 4 5 16 1 11 2 13 4 6 3 1 4 2 17 3 3 3 5 10 4 5 1 12
5 2 1 7 3 16 2 2 8 4 19 3 5 18 3 7 2 3 3 2 3 3 7 4 10 5 5 10 2 8 1 13 3 16 4 10
7 2 2 13 1 11 4 4 20 5 9 1 17 2 2 4 1 17 4 3 5 17 3 16 3 5 13 2 3 1 9 4 2 10 5 8 3 17 4 7 2 3 7 1 14 3 5 18 4 5 3 6
5 4 1 6 5 6 2 13 4 16 1 1 16 4 1 18 2 17 3 12 4 10 1 4 8 5 3 13 4 17 5 2 1 18 2 4
7 1 3 6 1 4 6 2 4 16 3 14 3 3 19 5 20 1 10 5 2 3 3 3 1 3 5 2 4 16 5 4 12 5 6 1 7 2 5 3 12 3 3 5 2 14 5 9
4 2 4 2 5 3 4 1 11 2 6 3 8 4 5 2 4 14 2 11 4 5 11 4 15 3 6 2 16
5 3 4 12 5 11 3 8 5 1 3 3 4 2 20 5 9 4 18 2 1 3 5 15 4 2 14 3 13 4 8 1 5 1 5 5
7 2 5 4 2 18 1 2 8 1 2 12 2 5 5 2 16 5 1 6 4 15 2 12 3 6 5 2 5 3 10 4 11 2 8 1 8 5 4 2 4 11 3 16
4 1 4 9 4 4 15 1 17 2 6 3 18 1 3 14 1 3 5