50 5
4 2 3 10 2 6 1 2 14 2 2 8 5 15 2 5 5 1 14
8 2 1 7 4 19 5 3 6 4 5 2 19 1 12 5 14 1 3 3 3 2 8 3 9 1 17 2 4 3 5 15 1 4 3 3 1 11 2 19 4 16 5 4 14 1 3 3 10 2 16 5 12
5 3 1 3 3 5 5 11 3 1 2 3 2 2 3 1 3 7 4 2 8 1 20 5 8 3 12 3 5 16 1 3 4 2
8 2 2 18 4 15 4 3 7 2 19 1 3 5 6 5 3 15 1 16 2 8 4 5 5 7 1 5 19 3 5 17 3 19 2 5 1 4 7 1 1 4 2 5 4 4 15
7 3 1 17 4 8 3 5 2 4 20 3 18 1 5 2 3 1 2 4 18 5 20 3 2 5 4 7 3 13 2 4 16 2 11 3 1 20 2 18 3 7
4 1 2 4 5 5 9 2 5 1 17 4 13 3 13 4 2 19 1 13 3 13 4 8 5 4 2 5 6 1 11 3 4 2 17
5 4 4 4 3 9 1 12 5 12 5 5 16 4 17 1 9 3 17 2 3 2 4 6 5 3 2 4 3 2 11 5 3 17 4 16 2 20 5 14 1 5
7 4 1 3 5 5 3 17 2 8 2 2 14 1 5 1 5 10 4 5 7 3 20 1 19 4 3 5 3 16 1 11 5 17 2 18 4 17 5 5 12 4 11 3 20 2 3 1 5 2 2 11 4 11
6 3 5 11 3 18 2 12 3 1 12 2 12 4 18 2 1 7 3 12 4 5 14 4 10 2 4 3 10 5 2 12 4 10 1 6 5 6 3 18 1 1 9
4 3 1 15 2 20 4 11 3 2 13 5 10 4 4 4 5 14 4 4 3 10 1 17 1 1 7
4 1 1 18 5 4 2 1 20 2 15 5 5 3 15 5 2 15 3 20 5 7 1 11 4 10 3 1 8 3 7 4 10
5 5 1 18 5 5 3 20 4 10 2 17 3 5 5 3 18 1 3 1 5 3 2 1 6 2 8 1 3 12
7 4 2 9 5 6 1 9 4 8 2 1 17 2 20 2 1 12 4 15 5 1 17 5 16 3 9 2 10 4 10 4 4 12 5 16 3 10 1 11 5 3 15 4 13 5 13 1 9 2 20 2 4 11 5 15
6 5 2 5 1 2 4 16 3 11 5 14 4 2 14 5 9 3 10 4 17 3 3 4 4 12 1 15 1 1 12 4 2 19 3 12 5 8 4 13 1 2 9
4 3 2 10 1 3 4 2 4 4 2 1 16 3 6 5 5 2 4 14 2 10 4 3 17 5 11 4 8 2 3
6 1 4 20 1 4 8 3 5 10 1 19 3 13 4 2 16 4 20 5 18 3 3 3 4 10 1 7 5 6 5 3 10 2 19 4 20 5 12 1 17
6 1 1 2 1 5 9 4 5 16 4 8 1 16 2 8 1 1 11 2 2 3 1 11 3 1 12 3 17 5 15
8 2 2 18 5 15 4 4 10 3 19 1 5 2 6 5 5 14 3 4 4 2 1 13 2 9 5 3 16 5 7 4 15 2 2 1 9 1 5 13 3 5 16 1 14 4 18 5 2 6 3 15 5 19 4 5 1 10 4 5 5 1 15 2 6 3 4
6 4 1 7 3 15 4 20 5 5 1 3 4 4 5 3 3 16 2 4 4 6 1 3 3 2 1 6 2 9 4 4 13 5 12 3 9 1 4
8 5 5 19 4 16 2 3 3 15 1 2 4 4 3 5 6 1 3 2 13 4 4 10 3 8 2 16 5 8 2 1 8 4 8 4 5 18 4 12 1 8 2 20 3 5 2 4 11 3 12 5 4 19 5 13 2 16 3 5 1 2 1 4 20
5 1 2 17 3 2 5 3 7 5 17 2 2 18 5 8 2 5 10 4 4 3 2 17 3 7 4 11
8 5 4 3 5 18 3 10 1 13 2 4 3 4 2 1 3 2 17 3 5 17 1 3 4 15 2 1 18 5 14 3 2 13 1 12 5 8 5 3 8 5 14 1 4 2 7 4 15 4 1 9 5 2 2 17 4 4 4 4 6 3 16 5 17 1 5
7 5 5 15 2 9 3 13 1 13 4 7 3 3 13 2 9 1 5 1 1 11 2 1 17 2 3 1 5 7 2 4 7 2 8 1 1 12
6 1 5 16 5 4 19 5 14 1 14 2 16 3 4 3 4 6 1 14 5 20 3 3 8 4 8 1 9 4 2 19 1 20 3 11 5 11 5 4 4 2 4 3 13 5 17 1 8
4 1 1 7 3 3 16 4 8 1 20 5 4 5 1 7 3 13 2 6 5 20 4 3 14 2 18 4 11 1 17
4 3 2 9 1 6 5 18 5 4 4 5 18 1 20 2 6 3 7 3 5 19 2 12 4 4 4 4 17 3 9 1 16 5 9
5 5 4 15 1 6 5 10 3 20 2 8 3 5 11 3 13 2 9 2 3 5 1 9 5 1 14 2 16 5 4 4 6 3 15 1 3 3
4 1 4 15 1 1 16 2 1 20 3 10 5 3 2 4 4 1 4 2 9 5 9
5 5 3 4 4 7 2 3 1 5 5 17 4 3 19 4 13 1 6 5 14 5 3 4 5 15 2 20 4 9 1 12 3 1 6 2 9 5 20 1 4 9
5 1 2 18 1 5 5 3 1 4 5 2 2 4 2 3 13 5 9 1 3 2
4 4 3 4 5 18 4 14 2 16 2 2 7 1 4 2 3 13 5 20 5 1 11 3 11 5 20 4 7 2 10
8 2 3 8 5 17 3 2 2 5 2 1 13 2 3 13 2 12 4 4 7 1 5 2 11 3 20 4 5 19 1 8 2 13 3 9 4 5 4 3 16 4 6 2 18 4 2 17 3 16 1 19 4 8 1 4 7
8 4 5 8 4 4 2 20 1 10 3 5 3 2 14 4 10 5 2 2 3 15 5 8 1 2 4 6 5 1 8 5 20 3 19 4 9 2 12 3 4 6 2 9 3 19 1 4 19 1 5 15 1 4 10
5 2 3 19 2 11 4 4 17 5 3 2 19 1 9 3 4 3 3 5 1 20 1 1 7 4 2 4 3 18 4 2 1 14
6 3 1 20 3 9 5 17 1 3 6 4 2 12 4 20 3 3 5 2 4 3 18 4 11 5 11 2 13 2 1 10 5 15 3 5 8 1 19 4 7
8 5 4 2 2 15 1 6 5 15 3 12 1 5 4 2 4 10 3 6 3 1 2 2 20 5 7 2 5 18 2 7 4 5 13 4 5 3 11 1 12 1 5 4 2 3 8 4 13
4 1 5 19 1 5 17 3 1 4 3 9 4 15 3 1 2 2 10 5 17
6 5 4 9 3 14 1 11 5 20 2 8 5 2 4 4 14 3 15 1 8 5 11 1 3 3 1 2 9 3 2 18 4 15 3 14 4 4 3 2 20 1 12 3 10
6 5 1 11 3 6 4 18 5 12 2 13 2 2 2 3 11 3 5 15 1 6 4 16 2 3 17 2 12 1 4 12 5 2 19 5 19 1 8 4 2 3 20
5 2 4 19 2 13 3 1 2 2 14 5 13 5 3 19 2 19 4 4 1 3 5 10 4 2 13 1 3 4 16 5 7 3 5 9 2 10 4 5
4 4 3 2 4 19 5 7 1 16 2 1 3 3 20 5 1 12 4 15 3 16 5 17 2 11 4 5 12 2 6 1 5 4 10
4 4 2 15 3 16 4 12 1 2 4 3 13 4 11 5 7 1 16 3 5 12 2 13 4 2 3 5 7 4 16 1 4
8 1 3 14 5 3 2 1 12 2 10 4 8 5 3 4 5 18 1 17 4 14 3 18 1 4 7 4 3 20 1 20 2 8 5 4 1 2 3 4 4 14 2 20 3 17 1 20 2 1 5 5 11
7 2 2 9 5 17 1 3 10 4 3 4 2 18 5 13 4 5 5 2 7 5 15 3 9 1 13 4 12 5 5 12 4 20 1 11 3 3 2 15 4 5 9 4 9 1 12 2 20 1 1 10
6 5 4 8 2 19 1 7 5 2 3 6 3 5 18 4 7 3 12 1 1 14 2 2 8 5 18 1 1 13 4 4 5 3 3 1 19 5 19
8 2 1 11 5 19 5 4 9 5 10 2 13 3 17 1 20 2 2 10 1 10 2 2 3 4 13 3 2 12 5 6 1 17 3 2 4 5 5 4 7 5 2 16 3 12 4 13 5 10 1 20 2 5 8 2 10
5 1 3 14 3 5 12 4 16 3 14 1 1 7 4 3 12 4 5 2 3 1 14 5 1 20 5 3 4 18 3 19 2 4
4 5 1 8 2 8 4 11 5 17 3 11 2 3 7 1 7 3 3 13 5 3 2 11 2 3 4 5 7
7 5 3 6 2 5 4 16 1 6 5 5 3 5 2 1 3 3 11 2 2 7 4 15 1 3 7 5 2 10 1 13 4 3 3 14 5 20 4 5 3 4 4 2 13 1 12 1 4 6
8 5 5 8 2 15 4 18 3 5 1 17 2 1 15 2 15 1 1 10 2 4 10 5 7 2 3 13 2 19 2 5 13 4 15 1 5 12 4 2 7 4 6 1 9 5 12