50 5
7 1 2 20 3 2 7 3 6 5 12 1 3 8 4 1 17 4 14 5 7 3 19 3 5 2 3 4 4 13 4 3 11 2 14 5 9 1 19 4 5 3 2 16 1 5 4 19
7 2 4 6 2 10 2 2 15 4 5 4 3 17 2 18 4 3 1 10 1 4 5 3 4 7 5 15 2 16 1 3 11 2 1 11 2 11
6 1 3 17 5 3 11 4 15 5 3 1 19 2 10 2 3 6 5 12 1 4 2 5 5 6 4 12 2 19 1 9 3 15 5 1 5 5 9 3 4 4 16 2 7
4 4 2 7 4 12 3 10 1 11 1 4 4 2 1 6 3 9 2 5 12 4 17
4 1 5 9 5 2 14 3 14 4 6 5 6 1 3 2 1 5 5 18 5 2 3 3 13 5 9 1 18 4 3
4 1 5 16 4 5 17 1 13 2 8 4 3 4 3 5 5 8 4 16 1 18 2 5 14 3 11
7 4 5 12 4 11 1 13 2 14 1 4 11 2 3 8 5 9 4 4 19 5 4 1 15 3 2 4 1 13 4 16 2 20 3 7 5 1 11 4 10 3 9 5 11 2 2 5 5 14 1 20 4 19 2 20 3 9
6 4 5 4 3 20 4 9 1 7 4 4 16 1 13 3 13 2 12 1 4 11 2 4 8 2 17 4 4 17 1 18 3 16 5 17 1 3 3
7 1 5 5 2 2 3 5 13 5 5 11 1 6 3 17 4 4 2 8 1 5 5 5 3 10 4 15 1 14 5 8 2 18 1 3 14 3 1 11 4 19 5 18
8 4 2 18 5 3 4 7 3 17 2 1 17 5 15 4 3 18 5 2 4 11 2 17 2 4 12 1 15 3 3 12 1 14 2 14 5 1 11 4 17 2 6 5 15 3 19 4 4 11 3 19 2 15 1 8 3 5 2 2 20 4 17
4 1 2 12 4 3 13 1 11 2 4 5 6 2 3 13 2 20 4 4 17 5 3 1 2 2 7
7 5 5 2 4 10 1 10 3 2 2 6 2 5 5 3 14 3 3 10 4 6 5 12 5 1 11 2 9 5 16 4 3 3 13 4 1 9 3 6 4 19 5 16 2 3 11 2 9 1 2 6
5 3 5 16 1 18 3 19 4 4 11 2 18 1 8 5 16 1 4 7 2 5 11 4 4 3 2 5 1 17 5 15
5 1 5 12 4 2 16 4 5 1 19 3 11 4 3 4 4 18 1 10 5 7 4 3 7 5 20 1 17 4 10 2 3 17 2 7
4 2 2 9 1 9 2 2 5 4 10 2 2 9 1 9 4 2 5 3 7 5 18 4 20
5 3 2 19 5 13 1 16 2 2 16 3 18 4 2 16 5 16 3 18 4 2 3 3 15 4 11 2 15 1 4 20
5 3 2 2 1 12 3 20 4 2 12 4 8 1 3 5 12 2 4 11 5 3 2 1 15 5 12 2 5 18 1 3
5 5 3 5 5 11 1 14 4 14 2 9 1 2 12 5 2 9 3 7 4 3 5 6 1 9 2 5 8 2 17 1 4 6
5 1 2 12 2 3 18 2 5 2 5 13 1 3 2 5 3 1 16 1 1 6
7 4 2 9 3 12 1 18 4 10 4 4 14 3 17 2 6 5 13 4 5 7 2 12 4 17 3 14 4 4 13 3 7 5 17 2 6 5 4 9 5 10 1 5 2 20 3 6 4 3 11 2 9 1 5 4 10 4 1 20 5 9 2 10 4 11
8 3 3 6 2 12 1 15 4 3 5 4 9 5 20 2 8 2 4 16 2 6 1 1 8 4 5 9 2 6 3 14 1 15 1 1 14 4 5 14 1 13 3 10 2 2 1 4 11
6 2 3 14 2 13 2 2 11 5 5 1 3 11 4 5 10 1 18 2 14 3 13 5 4 19 5 16 2 7 3 2 1 18 5 5 17 1 16 4 13 3 16 2 7
4 4 1 13 2 2 3 12 4 15 4 5 19 2 18 4 3 1 8 4 2 2 5 8 4 2 3 4 1 3 13
5 4 4 2 2 20 3 10 1 15 1 5 8 3 1 3 5 2 4 11 1 1 2 5 2 3 3 20 5 7 1 4 4 17
6 5 2 6 3 10 4 12 5 14 1 8 5 1 16 4 4 3 7 5 16 2 18 2 2 15 5 14 4 5 10 1 4 2 3 4 15 5 1 10 5 3 2 17 3 8 4 4 1 1 2
4 5 5 2 3 13 4 3 2 8 1 3 1 5 5 1 5 5 3 4 5 3 7 1 10
8 1 2 5 4 4 6 1 19 3 6 2 16 4 5 3 3 8 1 19 4 8 1 2 16 2 3 2 1 3 5 3 18 1 10 2 9 4 3 5 4 5 5 19 3 3 2 2 4 10 1 8 4 3 19 2 14 5 11 4 17
6 3 5 18 1 16 4 3 3 3 6 2 10 4 18 4 5 6 3 16 1 19 4 10 5 3 15 2 17 5 2 1 4 4 11 4 4 20 5 20 3 16 2 11 3 2 7 3 18 4 6
6 2 4 13 5 13 4 5 7 4 17 3 12 2 10 2 2 17 4 13 5 4 19 5 15 1 3 2 20 3 10 1 3 10 2 1 12 3 12
6 5 5 19 1 19 3 14 2 7 4 2 2 4 11 1 9 2 1 7 4 12 2 5 14 1 14 1 2 15 1 4 3
4 5 4 5 2 4 3 5 1 20 5 14 5 5 20 3 5 1 20 4 19 2 8 4 1 5 5 15 2 4 4 8 5 5 14 2 5 1 16 3 13 4 6
5 4 1 15 5 8 2 7 3 4 4 2 15 4 13 3 6 5 15 5 1 3 5 17 4 11 3 14 2 20 4 3 9 2 15 5 12 4 10 2 4 15 3 17
8 2 3 11 2 10 5 5 9 3 14 2 5 4 13 1 9 3 4 17 1 12 3 15 1 4 3 1 3 18 4 2 6 5 5 4 9 1 18 5 1 8 3 6 4 17 5 15 2 8 5 4 7 1 17 2 17 5 9 3 12
8 2 5 15 3 16 2 5 7 4 14 3 1 11 4 15 3 3 3 1 4 5 15 3 4 5 2 17 4 10 5 2 3 16 1 10 2 1 4 5 19 2 2 14 4 15 5 3 14 2 13 1 20 5 17 4 15
4 1 4 8 4 3 20 2 8 1 20 4 9 4 3 4 2 2 5 5 4 19 1 2 2
7 1 3 19 4 5 11 2 6 1 10 4 12 5 4 8 5 9 1 4 3 10 2 11 5 4 12 1 19 5 14 2 13 3 8 3 1 19 5 5 4 10 2 5 14 1 14 2 3 11 2 5
8 1 3 7 2 5 6 1 8 4 4 9 3 9 2 20 1 16 3 5 16 1 3 2 13 5 3 16 5 11 4 2 2 15 1 18 3 4 16 5 15 1 9 3 2 19 4 15 1 6 4 4 17 2 5 1 4 5 16
4 3 1 12 2 15 4 12 3 1 15 2 2 3 7 4 5 18 2 8 3 16 4 18 4 4 6 3 13 5 16 1 3
7 4 2 6 1 9 3 7 4 10 2 2 14 4 12 4 1 3 3 4 4 20 2 2 3 1 4 3 13 5 4 5 3 2 1 3 4 15 5 10 2 13 5 5 5 3 9 2 13 1 6 4 5 3 4 5 5 3 1 3
8 2 4 14 5 16 5 5 8 3 7 2 4 4 12 1 3 4 2 2 5 15 4 16 1 11 2 3 6 1 16 3 2 9 4 10 1 12 1 5 16 3 4 13 1 16 5 11 4 5 10 2 14 3 8 1 15
5 1 3 6 3 5 15 3 5 2 4 3 4 18 1 14 5 13 4 1 2 3 9 4 20 5 2 5 4 8 2 14 5 13 1 9 3 14
5 1 2 8 3 4 12 5 5 1 19 4 5 8 2 4 1 10 3 20 5 1 12 5 6 3 11 2 13 4 17 1 2 5
6 3 4 5 1 15 3 9 3 5 4 4 6 2 17 5 1 6 3 13 2 7 5 13 4 12 5 3 5 5 2 2 14 1 19 4 17 1 1 19 2 4 13 3 2
7 5 3 10 4 14 1 10 2 14 5 12 2 2 7 5 7 3 4 5 1 6 5 18 5 5 12 2 10 1 5 4 7 3 5 1 3 19 3 2 17 1 9 4 7 4 1 5 4 15 2 14 3 2
5 5 2 13 1 5 5 18 4 19 3 9 4 3 3 5 9 1 16 4 5 3 2 3 5 18 3 13 1 5 9 5 4 3 1 20 3 14 5 10 2 5
4 4 1 19 5 16 3 13 2 4 1 2 13 1 1 15 5 4 18 5 6 3 7 1 9 2 14
4 4 3 3 2 6 1 5 4 6 5 1 3 3 17 5 14 4 10 2 2 1 2 15 4 3 4 2 6 1 2 5 13
6 1 5 15 2 4 18 2 8 3 3 6 5 18 2 4 3 5 14 1 7 3 13 5 4 5 5 17 1 7 3 10 2 19 5 3 19 4 15 2 12 1 14 5 14
8 1 1 18 5 1 2 2 12 5 16 3 8 4 8 4 2 6 5 2 4 5 3 19 5 3 20 5 9 4 20 1 17 2 5 4 5 18 4 19 3 8 2 16 2 2 6 3 8 3 5 12 2 9 1 5 4 3 3 5 19 4 16 1 11
6 4 5 10 2 2 1 16 4 10 1 1 15 4 5 14 3 9 1 12 2 20 4 4 18 1 20 3 16 2 18 1 4 3 5 5 7 1 5 4 19 3 13 2 2