50 5
5 1 1 17 4 2 17 1 5 5 6 3 4 2 5 5 1 2 3 3 17 1 17 2 17 1 4 3
4 3 4 17 5 15 1 12 5 5 9 4 14 3 6 2 19 1 4 3 3 9 5 4 1 16 5 1 3 5 14 4 9 2 5 3 5
5 3 5 4 3 15 2 15 1 2 10 2 2 14 5 16 1 3 18 3 1 12 5 18 3 12
4 3 2 2 5 17 4 20 2 4 2 3 5 3 2 17 4 7 1 15 2 3 16 4 7
4 4 5 16 4 2 2 2 3 2 3 5 4 2 15 1 6 1 3 4 4 2 12 5 7 4 12 3 17
7 3 4 6 3 11 5 9 2 4 10 2 20 2 2 14 1 2 4 3 7 1 20 4 17 2 11 4 4 9 1 19 3 4 2 10 4 4 9 2 3 3 18 5 6 3 1 8 2 11 3 3
8 5 3 14 5 8 4 16 1 11 2 16 4 2 2 3 5 1 8 5 6 5 3 17 2 18 1 7 4 13 5 10 4 5 10 4 16 1 19 2 12 4 5 3 1 18 3 9 4 3 3 4 11 5 14 1 18 1 1 3 1 4 13
7 3 5 20 3 19 4 18 1 5 7 4 1 8 3 5 5 15 2 11 4 2 14 4 20 5 18 1 5 2 1 8 5 4 2 2 7 4 13 4 3 19 5 11 4 10 2 17
6 3 2 14 1 15 5 12 2 3 9 2 10 1 2 15 3 2 16 3 10 5 13 3 5 11 3 17 4 12 2 1 19 3 17
8 3 3 6 1 14 5 16 3 4 7 1 19 2 11 3 1 2 2 2 4 19 3 4 18 2 4 3 12 4 2 15 4 3 3 7 5 19 3 5 4 4 3 2 20 5 1 14 4 16 3 10 2 2 5 5 5 5 16 3 17 4 2 2 9 1 8
5 2 2 14 1 2 5 4 19 1 7 2 11 5 2 3 19 3 2 18 1 5 5 10 2 4 2 2 4 5 3 10 4 4 2 11 1 6 5 14
6 2 4 3 1 14 1 3 19 5 4 10 3 3 1 13 2 11 5 17 1 4 7 5 3 17 2 13 1 18 4 20 5 9 1 4 4
5 4 2 8 3 5 1 9 5 5 4 1 15 5 13 3 8 2 3 5 4 8 5 9 1 9 3 6 2 14 1 3 13 5 1 7 3 7 5 17 2 8 4 9
4 4 3 14 1 12 5 9 2 18 3 1 13 5 2 2 13 3 3 6 1 3 2 10 3 2 2 1 11 3 11
7 3 3 6 5 9 4 17 4 1 11 5 16 2 10 3 5 1 5 19 3 3 16 2 9 4 17 1 3 14 2 1 18 3 13 3 5 7 2 4 4 6
4 2 4 18 1 20 3 4 8 2 4 3 14 3 4 5 5 15 3 8 2 1 20 4 2
4 2 2 8 5 2 1 5 18 4 4 2 1 4 2 10 5 11 4 5 2 3 8 4 5 2 2
6 2 2 5 4 15 5 3 13 4 17 1 5 2 2 5 6 5 5 8 1 6 3 7 4 6 2 4 4 4 20 5 12 1 16 2 6 5 1 17 4 8 5 6 2 3 3 9 5 4 16 3 7 1 15 2 14 5 15
7 2 1 12 4 19 2 1 6 4 12 1 5 12 2 5 8 1 14 5 5 12 3 14 4 19 2 5 1 20 4 5 12 4 11 3 19 1 15 1 4 19
7 4 1 10 5 17 2 12 4 5 1 5 11 4 4 19 5 14 1 16 3 6 5 1 7 5 7 3 18 4 20 2 2 3 3 2 4 20 5 14 1 3 7 3 1 18 4 17 2 14
4 2 3 19 4 12 2 5 11 3 9 1 4 5 1 1 5
7 5 4 6 5 4 3 12 2 14 1 3 2 5 13 3 7 1 1 17 2 4 15 3 6 3 5 18 2 11 1 2 5 2 11 1 5 5 7 3 16 4 18 2 3 11 5 10
5 5 4 4 2 3 5 3 1 5 3 6 2 2 9 4 14 3 1 11 3 15 2 14 1 5 17 1 1 5
7 3 3 11 4 2 1 8 5 2 19 5 5 4 4 3 10 1 19 5 1 15 4 8 5 15 2 3 3 12 1 4 5 5 2 7 1 18 5 9 3 20 4 20 1 1 4 3 1 17 4 11 5 19
6 2 2 11 3 6 5 1 9 3 6 4 17 2 8 5 19 3 1 19 4 19 3 3 3 5 3 3 9 2 17 4 1 5 5 4 2 15 4 11 5 1 8 3 6 5 16 2 20 4 14
5 4 5 4 2 14 1 9 4 2 1 5 20 3 4 2 2 7 1 2 4 4 4 3 9 2 4 5 16 1 4 13
6 2 1 20 5 10 3 3 7 4 20 2 10 2 4 5 3 15 3 2 16 4 3 1 20 2 5 19 1 2 2 5 8 3 13
8 5 3 13 1 18 4 12 2 17 5 2 5 2 15 4 10 3 9 1 16 5 10 1 5 11 1 5 13 2 4 17 3 2 1 5 9 5 1 14 5 5 2 19 3 4 4 19 5 4 4 2 9 3 9 5 18 1 16
7 2 3 10 1 14 4 4 3 3 15 2 18 1 5 2 4 2 5 19 2 3 14 5 14 5 3 18 5 19 2 15 4 7 1 5 2 1 19 5 8 2 3 15 4 5
7 1 2 2 1 1 6 5 3 2 2 7 1 4 5 16 4 14 2 5 12 1 3 5 2 13 3 10 4 8 5 9 1 2 5 1 12 2 18 3 12 4 4 5 11 1 1 19
4 5 2 18 1 4 4 19 3 16 5 6 2 5 15 2 7 3 4 14 3 12 5 5 1 5 11
5 3 5 6 2 8 1 8 1 3 19 4 5 4 2 17 4 16 1 6 4 3 19 5 13 1 16 4 16 2 4 9 1 4
8 2 3 12 2 9 1 3 13 1 4 20 2 4 16 1 12 5 4 13 5 17 1 11 3 3 2 8 2 3 11 2 14 5 1 2 2 17 5 12 3 13 4 10 2 3 9 1 7
6 5 4 3 5 4 2 15 1 12 3 4 3 2 13 1 16 4 10 3 2 13 5 6 4 20 1 4 3 2 1 16 5 10 5 3 12 5 13 1 15 2 8 4 10
5 4 3 18 2 5 1 18 4 4 3 1 15 2 2 5 16 3 5 8 1 14 4 19 4 2 18 5 15 1 3 4 3 3 5 15 2 13 4 7
4 1 3 10 1 2 10 5 3 17 1 5 5 5 2 19 4 7 5 2 15 4 15 1 15 3 7 5 6
6 3 3 18 1 15 2 4 2 3 13 4 5 5 3 2 2 18 4 5 5 4 1 16 5 2 2 1 9 3 7 4 15 5 12 1 1 20 3 3 11 2 12 1 16
4 4 1 9 4 9 2 16 5 8 2 4 20 5 4 1 1 13 3 2 17 4 17 3 19
6 4 1 16 4 19 5 6 2 20 5 4 4 3 20 5 7 2 9 1 20 4 4 14 3 18 1 5 5 14 5 2 20 1 4 4 14 5 5 3 15 5 5 6 2 15 1 11 4 18 3 16 2 2 10 3 4
4 2 4 3 2 17 3 5 14 3 13 4 19 4 4 18 3 7 5 19 1 5 4 1 19 5 5 4 16 3 14
8 1 3 18 5 5 8 1 11 4 4 3 3 2 11 1 3 17 2 1 7 3 11 5 3 19 1 19 2 9 4 17 5 2 2 4 11 5 19 5 3 8 2 14 1 3 4 15 5 2 3 5 19 1 12 2 7
5 5 2 10 3 20 1 5 4 6 5 17 5 3 3 4 9 1 8 5 7 2 13 5 5 11 4 19 1 9 2 14 3 10 5 4 3 5 7 2 10 3 19 1 11 1 5 11
7 5 4 12 3 20 2 15 1 13 5 15 2 2 5 5 13 1 2 4 4 1 6 5 17 3 14 2 20 1 3 9 2 1 8 5 14 3 1 15 5 12 3 5
7 1 2 6 2 3 5 5 16 4 2 13 3 13 1 8 5 5 2 1 12 4 12 4 5 15 2 2 4 16 3 7 1 2 7 3 5 9 4 8 1 9
5 3 1 14 5 20 4 19 1 2 4 5 5 6 2 3 4 12 1 7 3 10 1 1 3 3 5 10 1 10 2 4
6 3 1 4 4 11 3 3 1 2 10 5 2 4 1 19 5 19 4 7 3 4 4 4 16 1 5 3 11 2 12 4 4 14 1 7 5 8 2 15 5 4 2 1 18 3 2 5 10 2 5
6 2 2 13 5 17 5 2 19 5 18 1 6 3 3 4 20 2 4 14 2 8 3 1 15 3 17 5 20 5 4 3 2 16 5 12 1 17 3 7 5 3 11 4 7 1 19 5 3 2 13
4 5 4 18 1 2 2 11 3 17 5 13 4 2 5 4 11 1 18 3 17 5 3 7 5 3 1 2 4 3 2 3 2 2 18 4 11
6 3 5 19 4 9 2 20 5 1 17 5 5 4 20 3 18 2 19 5 4 17 1 15 2 20 3 19 5 5 1 5 3 5 4 13 5 9 2 14 1 9 3 19 3 2 4 4 9 3 13
7 5 2 5 1 19 5 2 3 15 4 6 5 3 8 4 19 1 8 5 10 2 12 1 1 18 3 1 13 4 9 2 13 4 5 12 4 19 2 19 3 6 1 3 2 1 1 9